61106.504392 -0.539688 0.044403
61106.505579 -0.491085 0.041936
61106.506757 -0.432101 0.040544
61106.507936 -0.505784 0.035466
61106.509131 -0.440050 0.035734
61106.510313 -0.490451 0.032448
61106.511494 -0.503476 0.030709
61106.512671 -0.527234 0.029232
61106.513858 -0.508776 0.028980
61106.515037 -0.443154 0.030131
61106.516220 -0.502599 0.028150
61106.517400 -0.429794 0.029602
61106.518580 -0.456977 0.028382
61106.519764 -0.444627 0.028899
61106.520945 -0.405812 0.029378
61106.522131 -0.406940 0.029205
61106.523315 -0.417454 0.029103
61106.524494 -0.373408 0.030127
61106.525675 -0.322700 0.031283
61106.527043 -0.339396 0.030771
61106.528223 -0.276521 0.032577
61106.529400 -0.280908 0.032694
61106.530580 -0.286867 0.032687
61106.531758 -0.228855 0.034743
61106.532963 -0.222715 0.035478
61106.534149 -0.234387 0.035254
61106.535342 -0.198859 0.036581
61106.536530 -0.131278 0.039328
61106.537716 -0.124918 0.040324
61106.538918 -0.110651 0.041475
61106.540127 -0.026976 0.045071
61106.549586 -0.064137 0.047574
61106.550767 0.127069 0.057153
61106.551946 0.146818 0.057970
61106.553126 0.089422 0.055198
61106.554306 0.183654 0.060283
61106.555496 0.219621 0.062634
61106.556676 0.238252 0.064256
61106.557857 0.221378 0.062650
61106.559037 0.160532 0.059643
61106.560219 0.218043 0.063136
61106.561404 0.227482 0.064319
61106.562585 0.295733 0.068029
61106.563793 0.293868 0.067735
61106.565005 0.187559 0.062083
61106.566181 0.264971 0.066682
61106.567365 0.120350 0.058452
61106.568545 0.223577 0.065006
61106.569726 0.251992 0.066369
61106.570906 0.201673 0.063212
61106.572093 0.319388 0.070533
61106.573272 0.292959 0.068981
61106.574452 0.200781 0.064168
61106.575645 0.219212 0.064966
61106.576855 0.292445 0.070063
61106.578037 0.233071 0.065908
61106.579240 0.231700 0.066437
61106.580426 0.355371 0.073621
61106.581606 0.139920 0.061642
61106.582785 0.288585 0.070287
61106.583973 0.167968 0.062436
61106.585174 0.174693 0.062939
61106.586356 0.171409 0.062737
61106.587541 0.262010 0.068558
61106.588720 0.228011 0.066091
61106.589900 0.194903 0.064637
61106.591078 0.295752 0.070462
61106.592267 0.174892 0.063130
61106.596803 0.238519 0.067964
61106.597980 0.296178 0.071694
61106.599180 0.166640 0.063951
61106.600360 0.168525 0.063840
61106.601541 0.297902 0.071932
61106.602757 0.229968 0.067793
61106.603934 0.184562 0.064756
61106.605137 0.237905 0.068053
61106.606315 0.151888 0.063427
61106.607491 0.169269 0.064641
61106.608671 0.158481 0.064295
61106.609850 0.059037 0.059588
61106.614579 0.084788 0.061350
61106.615759 0.001380 0.056886
61106.616937 0.254744 0.072034
61106.618116 0.203525 0.068108
61106.619304 0.233017 0.069134
61106.620483 0.090606 0.061023
61106.621664 0.188603 0.067455
61106.622853 -0.027888 0.054871
61106.624033 -0.056437 0.053688
61106.625215 -0.077696 0.053076
61111.505056 0.255585 0.036622
61111.506581 0.201342 0.032143
61111.508105 0.198413 0.030131
61111.509630 0.134156 0.027314
61111.511159 0.164324 0.027207
61111.512693 0.172096 0.027030
61111.514228 0.143463 0.026044
61111.515756 0.126627 0.025456
61111.517284 0.149026 0.025824
61111.518814 0.114679 0.024789
61111.520340 0.143696 0.025235
61111.521867 0.070441 0.023625
61111.523393 0.056723 0.023053
61111.524917 0.101501 0.023858
61111.526445 0.108611 0.023775
61111.527971 0.087035 0.023291
61111.529497 0.063764 0.022790
61111.531024 0.016945 0.022094
61111.532549 0.004193 0.021834
61111.534077 -0.002034 0.021773
61111.535602 0.004934 0.022022
61111.537130 0.007071 0.022333
61111.538689 0.023633 0.022803
61111.540220 -0.030152 0.021945
61111.541758 -0.043262 0.021846
61111.543293 0.001808 0.022838
61111.544825 -0.043877 0.022095
61111.546359 -0.054483 0.021858
61111.547887 -0.045783 0.022082
61111.549459 -0.048413 0.021986
61111.550999 -0.061338 0.021737
61111.552533 -0.065530 0.021715
61111.554065 -0.063437 0.021784
61111.555600 -0.097334 0.021158
61111.557133 -0.058458 0.021924
61111.558664 -0.071199 0.021828
61111.560197 -0.098795 0.021023
61111.561734 -0.103356 0.020724
61111.563275 -0.133271 0.019821
61111.564808 -0.084823 0.020561
61111.566366 -0.090194 0.020222
61111.567891 -0.094883 0.019916
61111.569426 -0.089418 0.019599
61111.570967 -0.141883 0.018497
61111.572500 -0.110568 0.018725
61111.574033 -0.084757 0.019503
61111.575567 -0.097339 0.019461
61111.577100 -0.129797 0.018794
61111.578633 -0.087562 0.019299
61111.580169 -0.117828 0.018579
61111.581703 -0.090369 0.019415
61111.583237 -0.109924 0.019984
61112.504988 0.556103 0.093666
61112.506516 0.686318 0.099304
61112.508041 0.730998 0.098568
61112.509569 0.683950 0.091354
61112.511094 0.678435 0.089284
61112.512622 0.540714 0.077242
61112.514146 0.773309 0.094769
61112.515670 0.554619 0.077676
61112.517195 0.484591 0.071890
61112.518721 0.529776 0.074278
61112.520253 0.633459 0.082055
61112.521776 0.655978 0.083444
61112.523302 0.510058 0.072888
61112.524827 0.704312 0.087427
61112.526354 0.519663 0.073522
61112.527891 0.652357 0.084028
61112.529425 0.503406 0.072954
61112.530956 0.452311 0.069596
61112.532479 0.492908 0.071882
61112.534005 0.440052 0.068639
61112.535537 0.450164 0.069333
61112.537061 0.507644 0.072938
61112.538586 0.424153 0.067877
61112.540112 0.313565 0.061508
61112.541636 0.376985 0.065176
61112.543169 0.398132 0.066212
61112.544697 0.174999 0.053468
61112.546221 0.233895 0.056564
61112.547750 0.345755 0.062214
61112.549281 0.186894 0.054393
61112.550811 0.148539 0.051464
61112.552353 0.127571 0.050012
61112.553880 0.143226 0.050691
61112.555408 0.163599 0.051710
61112.556946 0.070249 0.047624
61112.558479 0.128431 0.049250
61112.560003 0.037987 0.044668
61112.561528 0.038993 0.044545
61112.563052 -0.035301 0.041836
61112.564578 0.011111 0.043743
61112.566112 -0.110973 0.040128
61112.567636 -0.068538 0.042488
61112.569160 -0.092084 0.042517
61112.570694 -0.096604 0.042602
61112.572230 -0.206814 0.038425
61112.573760 -0.175728 0.039317
61112.575285 -0.249897 0.037062
61112.576812 -0.258975 0.036703
61112.578335 -0.182296 0.038710
61112.579864 -0.241280 0.036755
61112.581400 -0.330492 0.034131
61112.586016 -0.310331 0.034517
61112.587545 -0.355405 0.033357
61112.589090 -0.361800 0.032978
61112.595194 -0.453584 0.030145
61112.596718 -0.412745 0.031270
61112.598242 -0.414566 0.031275
61112.599768 -0.478351 0.029393
61112.601293 -0.470950 0.029577
61112.602821 -0.453247 0.029889
61112.604345 -0.448639 0.029701
61112.605869 -0.465245 0.029146
61112.607391 -0.468792 0.029065
61112.608916 -0.518843 0.027813
61112.610441 -0.492724 0.028543
61112.613488 -0.517981 0.027657
61112.615011 -0.538753 0.027063
61112.616537 -0.596476 0.025711
61112.618061 -0.557841 0.026543
61112.619588 -0.588033 0.025806
61112.621112 -0.583252 0.025976
61112.622640 -0.622505 0.025153
61112.624164 -0.622981 0.024924
61112.625687 -0.653297 0.024398
61112.627220 -0.670163 0.024068
61112.628743 -0.659659 0.024472
61112.630267 -0.647606 0.024557
61112.631792 -0.652461 0.024638
61114.540675 0.074749 0.033328
61114.542202 0.071271 0.033263
61114.543729 0.039853 0.032231
61114.545292 0.025628 0.031787
61114.546820 -0.029016 0.030476
61114.548349 -0.002466 0.031115
61114.549877 -0.002861 0.030929
61114.551408 0.018421 0.031481
61114.552937 -0.004512 0.030905
61114.554465 0.000868 0.031116
61114.555995 0.008651 0.030986
61114.557522 -0.046900 0.029675
61114.559054 -0.026471 0.030178
61114.560585 0.025756 0.031248
61114.562113 -0.008832 0.030429
61114.563642 -0.027116 0.029764
61114.565169 -0.029772 0.029848
61114.566704 -0.038939 0.029339
61114.568232 -0.006201 0.030061
61114.569761 -0.006502 0.030086
61114.571288 -0.021164 0.029834
61114.572817 0.037400 0.030723
61114.574344 -0.006846 0.029462
61114.575873 -0.044996 0.028353
61116.499474 0.001732 0.078080
61116.501687 0.053718 0.072270
61116.503915 0.165105 0.074116
61116.506137 0.175444 0.071883
61116.510605 0.110897 0.063991
61116.512827 0.143550 0.065785
61116.517280 0.383378 0.080658
61116.519494 0.261523 0.071870
61116.521716 0.411800 0.081498
61116.523938 0.373439 0.078508
61116.526167 0.364538 0.077414
61116.528391 0.315072 0.072552
61116.530614 0.249116 0.068356
61116.532836 0.404468 0.078472
61116.535056 0.354589 0.074664
61116.537283 0.411612 0.078022
61116.539503 0.491312 0.083920
61116.541726 0.502604 0.085728
61116.543945 0.473739 0.082289
61116.546170 0.445182 0.079490
61116.548396 0.561905 0.087236
61116.555056 0.476977 0.078255
61116.557278 0.474069 0.077646
61116.559510 0.388197 0.071404
61116.561733 0.520659 0.080200
61116.563954 0.484008 0.077803
61116.566174 0.466616 0.075875
61116.568395 0.483138 0.076207
61116.570621 0.453245 0.074355
61116.572843 0.363435 0.068427
61116.578714 0.495483 0.078494
61116.580940 0.539873 0.081980
61116.583165 0.333301 0.068420
61116.585385 0.364774 0.071137
61116.587605 0.284030 0.065433
61116.589824 0.366936 0.070517
61116.592049 0.398821 0.072638
61116.594271 0.365113 0.069128
61116.596495 0.381602 0.069721
61116.598735 0.256035 0.063272
61116.600949 0.315786 0.066961
61116.603167 0.176908 0.059248
61116.605386 0.064178 0.053287
61116.607605 0.040970 0.051112
61116.609826 0.278621 0.063298
61116.612067 0.317448 0.065241
61116.614308 0.220277 0.060220
61116.616527 0.139573 0.056051
61116.618769 0.084955 0.054537
61116.620988 0.203126 0.058959
61116.623224 0.174968 0.056281
61116.625451 0.140115 0.054299
61116.627691 -0.004372 0.047927
61116.629906 -0.047105 0.047259
61116.632126 -0.101852 0.045523
61116.634364 -0.123082 0.044467
61116.636608 -0.162482 0.042642
61116.638825 -0.150280 0.043508
61116.641043 -0.145995 0.043418
61116.643261 -0.115930 0.044128
61116.645475 -0.231262 0.039866
61116.647723 -0.264127 0.038857
61116.649938 -0.278226 0.038212
61116.652158 -0.293598 0.038009
61116.654398 -0.288719 0.038059
61116.656619 -0.348973 0.036293
61116.658855 -0.403983 0.034761
61116.661075 -0.352876 0.036257
61116.663295 -0.417601 0.034585
61116.665512 -0.460851 0.033466
61116.667728 -0.424472 0.034708
61116.669950 -0.520017 0.032217
61116.672190 -0.490023 0.033001
61116.674406 -0.478919 0.033058
61116.676625 -0.559632 0.030542
61116.678845 -0.423142 0.034609
61116.681083 -0.515170 0.031939
61116.683304 -0.547761 0.031783
61116.685542 -0.550479 0.031724
61116.687759 -0.597866 0.030565
61116.689983 -0.648635 0.029841
61116.692206 -0.602706 0.031896
61116.694445 -0.649132 0.031171
61116.705534 -0.664619 0.031456
61116.707771 -0.738366 0.029725
61116.709986 -0.685485 0.030895
61116.712200 -0.661122 0.031184
61116.714425 -0.705120 0.029811
61116.716663 -0.630918 0.032697
61116.718878 -0.713862 0.030052
61116.721099 -0.709203 0.030533
61117.500300 -0.544399 0.037067
61117.502527 -0.500880 0.035092
61117.504747 -0.498490 0.032973
61117.506966 -0.433009 0.033965
61117.509183 -0.477293 0.032282
61117.511402 -0.480690 0.031632
61117.513630 -0.427044 0.033066
61117.515850 -0.453053 0.032016
61117.518067 -0.505535 0.030877
61117.520286 -0.465233 0.032087
61117.522504 -0.390503 0.034467
61117.524732 -0.425373 0.033349
61117.526949 -0.476757 0.031557
61117.529171 -0.435173 0.032650
61117.531391 -0.484947 0.031173
61117.533609 -0.456356 0.032153
61117.535845 -0.449490 0.032487
61117.538071 -0.463016 0.031907
61117.540301 -0.438425 0.032750
61117.542529 -0.422240 0.033580
61117.544762 -0.418122 0.034039
61117.546998 -0.445253 0.032715
61117.549229 -0.392567 0.034371
61117.551449 -0.431402 0.033236
61117.553681 -0.426780 0.033234
61117.555906 -0.433476 0.033021
61117.558137 -0.471689 0.031203
61117.560357 -0.426278 0.032501
61117.562577 -0.339662 0.035432
61117.564797 -0.352895 0.034972
61117.567017 -0.348211 0.035099
61117.592336 -0.214303 0.038146
61117.594580 -0.211965 0.038218
61117.596821 -0.193489 0.038254
61117.599048 -0.073882 0.042815
61117.601285 -0.146152 0.039925
61117.603505 -0.006909 0.044838
61117.605725 -0.055400 0.042953
61117.607944 -0.019085 0.044156
61117.610170 0.008942 0.045248
61117.612390 0.019356 0.045661
61117.614632 0.133590 0.050712
61117.616852 0.052806 0.047255
61117.619072 0.178602 0.053541
61117.621300 0.101908 0.049895
61117.623539 0.379902 0.063819
61117.625753 0.233428 0.055892
61117.627966 0.280287 0.059257
61117.630185 0.407529 0.066381
61117.632412 0.408020 0.065702
61117.634650 0.469894 0.067938
61117.636870 0.506958 0.070722
61117.639110 0.524716 0.070635
61117.641323 0.770872 0.089625
61117.643573 0.662473 0.082435
61117.645786 0.906445 0.104933
61117.648005 0.727882 0.089419
61117.650244 0.826971 0.098058
61117.652463 0.760475 0.093255
61117.654701 0.746432 0.092552
61117.656916 0.833594 0.100502
61117.661375 0.735891 0.093436
61117.663600 0.820715 0.101186
61117.665839 0.833524 0.102924
61117.668054 0.801027 0.101157
61117.670277 0.700386 0.092801
61117.672515 0.802801 0.102608
61122.578859 0.161267 0.059853
61122.581090 0.164199 0.059447
61122.583314 0.079565 0.054918
61122.585542 0.120551 0.056877
61122.587761 0.075213 0.054550
61122.589993 0.094494 0.055419
61122.592220 0.122056 0.057246
61122.594440 0.040350 0.053011
61122.596673 0.044500 0.052896
61122.598900 -0.050011 0.048517
61122.601150 -0.068560 0.047857
61122.603372 -0.081833 0.046805
61122.605600 -0.021051 0.049219
61122.607827 -0.078286 0.046603
61122.610053 -0.066400 0.047341
61122.612283 -0.080551 0.045986
61122.614510 -0.093302 0.045424
61122.616742 -0.050295 0.047141
61122.618975 -0.073168 0.046293
61122.621218 -0.086804 0.045740
61122.623440 -0.151932 0.043131
