#	Label	J.D.-2400000	rel_flux_T1	rel_flux_err_T1
1	TN-G2882_2026-02-21_22-06-46.840_R_B2.fits	61093.421549	0.429079	0.002720
2	TN-G2882_2026-02-21_22-07-34.259_R_B2.fits	61093.422098	0.426936	0.002711
3	TN-G2882_2026-02-21_22-08-16.530_R_B2.fits	61093.422587	0.434024	0.002731
4	TN-G2882_2026-02-21_22-09-03.390_R_B2.fits	61093.423130	0.432970	0.002739
5	TN-G2882_2026-02-21_22-09-50.390_R_B2.fits	61093.423673	0.433556	0.002736
6	TN-G2882_2026-02-21_22-10-37.070_R_B2.fits	61093.424214	0.438949	0.002754
7	TN-G2882_2026-02-21_22-11-23.100_R_B2.fits	61093.424747	0.432379	0.002736
8	TN-G2882_2026-02-21_22-12-08.970_R_B2.fits	61093.425277	0.434592	0.002733
9	TN-G2882_2026-02-21_22-51-51.408_R_B2.fits	61093.452852	0.449605	0.002708
10	TN-G2882_2026-02-21_22-52-37.689_R_B2.fits	61093.453388	0.448285	0.002700
11	TN-G2882_2026-02-21_22-53-24.420_R_B2.fits	61093.453928	0.455871	0.002729
12	TN-G2882_2026-02-21_22-54-11.300_R_B2.fits	61093.454471	0.453920	0.002716
13	TN-G2882_2026-02-21_22-54-53.478_R_B2.fits	61093.454959	0.451770	0.002718
14	TN-G2882_2026-02-21_22-55-36.929_R_B2.fits	61093.455462	0.456319	0.002738
15	TN-G2882_2026-02-21_22-56-19.800_R_B2.fits	61093.455958	0.448586	0.002692
16	TN-G2882_2026-02-21_22-57-06.610_R_B2.fits	61093.456500	0.458757	0.002745
17	TN-G2882_2026-02-21_22-57-53.990_R_B2.fits	61093.457049	0.458514	0.002766
18	TN-G2882_2026-02-21_22-58-40.368_R_B2.fits	61093.457585	0.454741	0.002741
19	TN-G2882_2026-02-21_22-59-25.088_R_B2.fits	61093.458103	0.456752	0.002739
20	TN-G2882_2026-02-21_23-00-11.800_R_B2.fits	61093.458644	0.449768	0.002709
21	TN-G2882_2026-02-21_23-00-54.978_R_B2.fits	61093.459143	0.451084	0.002722
22	TN-G2882_2026-02-21_23-01-41.399_R_B2.fits	61093.459681	0.455079	0.002729
23	TN-G2882_2026-02-21_23-02-25.190_R_B2.fits	61093.460187	0.453925	0.002728
24	TN-G2882_2026-02-21_23-03-07.480_R_B2.fits	61093.460677	0.450467	0.002716
25	TN-G2882_2026-02-21_23-03-50.179_R_B2.fits	61093.461171	0.455837	0.002749
26	TN-G2882_2026-02-21_23-04-32.368_R_B2.fits	61093.461659	0.458985	0.002752
27	TN-G2882_2026-02-21_23-05-18.570_R_B2.fits	61093.462194	0.457245	0.002755
28	TN-G2882_2026-02-21_23-06-04.360_R_B2.fits	61093.462724	0.459035	0.002756
29	TN-G2882_2026-02-21_23-06-51.158_R_B2.fits	61093.463266	0.457484	0.002764
30	TN-G2882_2026-02-21_23-07-33.530_R_B2.fits	61093.463756	0.456579	0.002753
31	TN-G2882_2026-02-21_23-08-19.268_R_B2.fits	61093.464286	0.459479	0.002763
32	TN-G2882_2026-02-21_23-09-05.259_R_B2.fits	61093.464818	0.459389	0.002749
33	TN-G2882_2026-02-21_23-09-47.380_R_B2.fits	61093.465305	0.453565	0.002740
34	TN-G2882_2026-02-21_23-10-31.120_R_B2.fits	61093.465812	0.452807	0.002732
35	TN-G2882_2026-02-21_23-11-17.109_R_B2.fits	61093.466344	0.456371	0.002757
36	TN-G2882_2026-02-21_23-12-03.220_R_B2.fits	61093.466878	0.459702	0.002756
37	TN-G2882_2026-02-21_23-14-17.140_R_B2.fits	61093.468428	0.451744	0.002715
38	TN-G2882_2026-02-21_23-15-03_R_B2.fits	61093.468958	0.460951	0.002766
39	TN-G2882_2026-02-21_23-15-44.368_R_B2.fits	61093.469437	0.455605	0.002743
40	TN-G2882_2026-02-21_23-16-28.050_R_B2.fits	61093.469943	0.459345	0.002757
41	TN-G2882_2026-02-21_23-17-15.288_R_B2.fits	61093.470489	0.455687	0.002744
42	TN-G2882_2026-02-21_23-17-57.408_R_B2.fits	61093.470977	0.455192	0.002751
43	TN-G2882_2026-02-21_23-18-44.020_R_B2.fits	61093.471516	0.453357	0.002728
44	TN-G2882_2026-02-21_23-19-27.018_R_B2.fits	61093.472014	0.451671	0.002717
45	TN-G2882_2026-02-21_23-20-13.460_R_B2.fits	61093.472552	0.453815	0.002730
46	TN-G2882_2026-02-21_23-20-59.509_R_B2.fits	61093.473085	0.457797	0.002750
47	TN-G2882_2026-02-21_23-21-46.240_R_B2.fits	61093.473625	0.452014	0.002718
48	TN-G2882_2026-02-21_23-22-32.298_R_B2.fits	61093.474159	0.452588	0.002731
49	TN-G2882_2026-02-21_23-23-18.100_R_B2.fits	61093.474689	0.451685	0.002729
50	TN-G2882_2026-02-21_23-24-00.410_R_B2.fits	61093.475178	0.451261	0.002721
51	TN-G2882_2026-02-21_23-24-42.340_R_B2.fits	61093.475664	0.454831	0.002741
52	TN-G2882_2026-02-21_23-25-28.268_R_B2.fits	61093.476195	0.457739	0.002750
53	TN-G2882_2026-02-21_23-26-14.380_R_B2.fits	61093.476729	0.454995	0.002734
54	TN-G2882_2026-02-21_23-27-00.120_R_B2.fits	61093.477258	0.452513	0.002736
55	TN-G2882_2026-02-21_23-27-46.359_R_B2.fits	61093.477794	0.454501	0.002740
56	TN-G2882_2026-02-21_23-28-31.969_R_B2.fits	61093.478321	0.451502	0.002719
57	TN-G2882_2026-02-21_23-29-18.149_R_B2.fits	61093.478856	0.450860	0.002714
58	TN-G2882_2026-02-21_23-30-04.009_R_B2.fits	61093.479387	0.454401	0.002735
59	TN-G2882_2026-02-21_23-30-50.130_R_B2.fits	61093.479920	0.453945	0.002734
60	TN-G2882_2026-02-21_23-31-32.618_R_B2.fits	61093.480412	0.456092	0.002738
61	TN-G2882_2026-02-21_23-32-18.300_R_B2.fits	61093.480941	0.452758	0.002724
62	TN-G2882_2026-02-21_23-33-04.040_R_B2.fits	61093.481470	0.453316	0.002729
63	TN-G2882_2026-02-21_23-33-46.280_R_B2.fits	61093.481959	0.448620	0.002720
64	TN-G2882_2026-02-21_23-34-32.210_R_B2.fits	61093.482491	0.448403	0.002718
65	TN-G2882_2026-02-21_23-35-18.010_R_B2.fits	61093.483021	0.453981	0.002728
66	TN-G2882_2026-02-21_23-36-04.120_R_B2.fits	61093.483555	0.450222	0.002713
67	TN-G2882_2026-02-21_23-36-47.500_R_B2.fits	61093.484057	0.448579	0.002709
68	TN-G2882_2026-02-21_23-37-29.899_R_B2.fits	61093.484547	0.445775	0.002696
69	TN-G2882_2026-02-21_23-38-16.510_R_B2.fits	61093.485087	0.449960	0.002720
70	TN-G2882_2026-02-21_23-39-03.310_R_B2.fits	61093.485629	0.458654	0.002761
71	TN-G2882_2026-02-21_23-39-49.478_R_B2.fits	61093.486163	0.450398	0.002718
72	TN-G2882_2026-02-21_23-40-36.100_R_B2.fits	61093.486703	0.452939	0.002740
73	TN-G2882_2026-02-21_23-41-17.410_R_B2.fits	61093.487181	0.446688	0.002705
74	TN-G2882_2026-02-21_23-42-03.270_R_B2.fits	61093.487711	0.451366	0.002727
75	TN-G2882_2026-02-21_23-42-49.259_R_B2.fits	61093.488244	0.445455	0.002698
76	TN-G2882_2026-02-21_23-43-35.368_R_B2.fits	61093.488777	0.447606	0.002713
77	TN-G2882_2026-02-21_23-44-22.178_R_B2.fits	61093.489319	0.447556	0.002711
78	TN-G2882_2026-02-21_23-45-09.038_R_B2.fits	61093.489862	0.447471	0.002706
79	TN-G2882_2026-02-21_23-45-55.149_R_B2.fits	61093.490395	0.447445	0.002701
80	TN-G2882_2026-02-21_23-46-41.079_R_B2.fits	61093.490927	0.441186	0.002680
81	TN-G2882_2026-02-21_23-47-27.070_R_B2.fits	61093.491459	0.451005	0.002739
82	TN-G2882_2026-02-21_23-48-13.179_R_B2.fits	61093.491993	0.442665	0.002695
83	TN-G2882_2026-02-21_23-49-00.110_R_B2.fits	61093.492536	0.448975	0.002723
84	TN-G2882_2026-02-21_23-49-47.100_R_B2.fits	61093.493080	0.444642	0.002707
85	TN-G2882_2026-02-22_03-17-20.428_R_B2.fits	61093.637216	0.293926	0.004743
86	TN-G2882_2026-02-22_03-18-04.110_R_B2.fits	61093.637721	0.297056	0.004777
87	TN-G2882_2026-02-22_03-18-50.719_R_B2.fits	61093.638261	0.308680	0.004805
88	TN-G2882_2026-02-22_03-19-32.460_R_B2.fits	61093.638744	0.300297	0.004885
89	TN-G2882_2026-02-22_03-20-19.329_R_B2.fits	61093.639286	0.306244	0.004848
90	TN-G2882_2026-02-22_03-21-01.960_R_B2.fits	61093.639780	0.294573	0.004771
91	TN-G2882_2026-02-22_03-21-48.429_R_B2.fits	61093.640317	0.300734	0.004801
92	TN-G2882_2026-02-22_03-22-30.620_R_B2.fits	61093.640806	0.302603	0.004837
93	TN-G2882_2026-02-22_03-23-17.420_R_B2.fits	61093.641347	0.313570	0.004908
94	TN-G2882_2026-02-22_03-23-59.539_R_B2.fits	61093.641835	0.305998	0.004872
95	TN-G2882_2026-02-22_03-24-46.520_R_B2.fits	61093.642379	0.302594	0.004869
96	TN-G2882_2026-02-22_03-25-29.079_R_B2.fits	61093.642871	0.300035	0.004842
97	TN-G2882_2026-02-22_03-26-15.439_R_B2.fits	61093.643408	0.300135	0.004835
98	TN-G2882_2026-02-22_03-26-57.500_R_B2.fits	61093.643895	0.307970	0.004971
99	TN-G2882_2026-02-22_03-27-44.240_R_B2.fits	61093.644436	0.308812	0.004936
100	TN-G2882_2026-02-22_03-28-27.050_R_B2.fits	61093.644931	0.305399	0.004912
101	TN-G2882_2026-02-22_03-29-13.278_R_B2.fits	61093.645466	0.297774	0.004929
102	TN-G2882_2026-02-22_03-29-59.789_R_B2.fits	61093.646005	0.314299	0.005018
103	TN-G2882_2026-02-22_03-30-46.200_R_B2.fits	61093.646542	0.314899	0.005076
104	TN-G2882_2026-02-22_03-31-32.689_R_B2.fits	61093.647080	0.306578	0.004992
105	TN-G2882_2026-02-22_03-32-19.239_R_B2.fits	61093.647619	0.306918	0.004956
106	TN-G2882_2026-02-22_03-33-01.919_R_B2.fits	61093.648113	0.312031	0.005042
107	TN-G2882_2026-02-22_03-33-48.658_R_B2.fits	61093.648653	0.312814	0.005013
108	TN-G2882_2026-02-22_03-34-35.710_R_B2.fits	61093.649198	0.305424	0.005016
109	TN-G2882_2026-02-22_03-35-22.260_R_B2.fits	61093.649737	0.308356	0.005030
110	TN-G2882_2026-02-22_03-36-05.059_R_B2.fits	61093.650232	0.314408	0.005066
111	TN-G2882_2026-02-22_03-36-51.490_R_B2.fits	61093.650770	0.313144	0.005068
112	TN-G2882_2026-02-22_03-37-33.548_R_B2.fits	61093.651256	0.302163	0.004938
113	TN-G2882_2026-02-22_03-38-20.350_R_B2.fits	61093.651798	0.305464	0.005018
114	TN-G2882_2026-02-22_03-39-02.970_R_B2.fits	61093.652291	0.321375	0.005114
115	TN-G2882_2026-02-22_03-39-46.149_R_B2.fits	61093.652791	0.309126	0.005099
116	TN-G2882_2026-02-22_03-40-28.890_R_B2.fits	61093.653286	0.316255	0.005059
117	TN-G2882_2026-02-22_03-41-15.519_R_B2.fits	61093.653825	0.314445	0.005139
118	TN-G2882_2026-02-22_03-41-57.560_R_B2.fits	61093.654312	0.306272	0.005055
119	TN-G2882_2026-02-22_03-42-44.490_R_B2.fits	61093.654855	0.310153	0.005108
120	TN-G2882_2026-02-22_03-43-31.039_R_B2.fits	61093.655394	0.318222	0.005209
121	TN-G2882_2026-02-22_03-44-17.460_R_B2.fits	61093.655931	0.320348	0.005258
122	TN-G2882_2026-02-22_03-44-59.329_R_B2.fits	61093.656416	0.314860	0.005146
123	TN-G2882_2026-02-22_03-45-45.759_R_B2.fits	61093.656953	0.312568	0.005140
124	TN-G2882_2026-02-22_03-46-29_R_B2.fits	61093.657454	0.311519	0.005218
125	TN-G2882_2026-02-22_03-47-15.550_R_B2.fits	61093.657992	0.327839	0.005444
126	TN-G2882_2026-02-22_03-47-57.500_R_B2.fits	61093.658478	0.301016	0.005203
127	TN-G2882_2026-02-22_03-48-44.359_R_B2.fits	61093.659020	0.309454	0.005258
128	TN-G2882_2026-02-22_03-49-27.170_R_B2.fits	61093.659516	0.318752	0.005358
129	TN-G2882_2026-02-22_03-50-09.349_R_B2.fits	61093.660004	0.323395	0.005472
130	TN-G2882_2026-02-22_03-50-52.030_R_B2.fits	61093.660498	0.335492	0.005548
131	TN-G2882_2026-02-22_03-51-38.460_R_B2.fits	61093.661035	0.317003	0.005339
132	TN-G2882_2026-02-22_03-52-25.629_R_B2.fits	61093.661581	0.316001	0.005429
133	TN-G2882_2026-02-22_03-53-07.570_R_B2.fits	61093.662067	0.325740	0.005478
134	TN-G2882_2026-02-22_03-53-54.009_R_B2.fits	61093.662604	0.321014	0.005564
135	TN-G2882_2026-02-22_03-54-40.359_R_B2.fits	61093.663141	0.314779	0.005430
136	TN-G2882_2026-02-22_03-55-27.530_R_B2.fits	61093.663687	0.322004	0.005595
137	TN-G2882_2026-02-22_03-56-14.769_R_B2.fits	61093.664233	0.321216	0.005514
138	TN-G2882_2026-02-22_03-59-05.540_R_B2.fits	61093.666210	0.326165	0.005533
139	TN-G2882_2026-02-22_03-59-52.399_R_B2.fits	61093.666752	0.322184	0.005632
140	TN-G2882_2026-02-22_20-58-55.630_R_B2.fits	61094.374429	0.217101	0.003636
141	TN-G2882_2026-02-22_20-59-42.490_R_B2.fits	61094.374971	0.214175	0.003611
142	TN-G2882_2026-02-22_21-00-24.489_R_B2.fits	61094.375457	0.221235	0.003625
143	TN-G2882_2026-02-22_21-01-07.040_R_B2.fits	61094.375950	0.223271	0.003599
144	TN-G2882_2026-02-22_21-01-50.009_R_B2.fits	61094.376447	0.225535	0.003591
145	TN-G2882_2026-02-22_21-02-32.070_R_B2.fits	61094.376934	0.222178	0.003624
146	TN-G2882_2026-02-22_21-05-35.359_R_B2.fits	61094.379055	0.215004	0.003534
147	TN-G2882_2026-02-22_21-06-22.170_R_B2.fits	61094.379597	0.211171	0.003541
148	TN-G2882_2026-02-22_21-07-09.220_R_B2.fits	61094.380141	0.208349	0.003433
149	TN-G2882_2026-02-22_21-07-52.039_R_B2.fits	61094.380637	0.195002	0.003185
150	TN-G2882_2026-02-22_21-08-38.250_R_B2.fits	61094.381172	0.213720	0.003504
151	TN-G2882_2026-02-22_21-09-24.160_R_B2.fits	61094.381703	0.216359	0.003566
152	TN-G2882_2026-02-22_21-10-11.150_R_B2.fits	61094.382247	0.220478	0.003537
153	TN-G2882_2026-02-22_21-10-57.359_R_B2.fits	61094.382782	0.211752	0.003478
154	TN-G2882_2026-02-22_21-11-44.329_R_B2.fits	61094.383326	0.221611	0.003553
155	TN-G2882_2026-02-22_21-12-31.219_R_B2.fits	61094.383868	0.220358	0.003555
156	TN-G2882_2026-02-22_21-13-13.589_R_B2.fits	61094.384359	0.221553	0.003548
157	TN-G2882_2026-02-22_21-14-00.080_R_B2.fits	61094.384897	0.218526	0.003551
158	TN-G2882_2026-02-22_21-14-42.340_R_B2.fits	61094.385386	0.218876	0.003540
159	TN-G2882_2026-02-22_21-15-29.109_R_B2.fits	61094.385927	0.222269	0.003567
160	TN-G2882_2026-02-22_21-16-16.100_R_B2.fits	61094.386471	0.218397	0.003544
161	TN-G2882_2026-02-22_21-16-58.429_R_B2.fits	61094.386961	0.217806	0.003536
162	TN-G2882_2026-02-22_21-17-44.990_R_B2.fits	61094.387500	0.218988	0.003548
163	TN-G2882_2026-02-22_21-18-32.100_R_B2.fits	61094.388045	0.213839	0.003540
164	TN-G2882_2026-02-22_21-19-18.649_R_B2.fits	61094.388584	0.220833	0.003562
165	TN-G2882_2026-02-22_21-20-04.950_R_B2.fits	61094.389120	0.231367	0.003594
166	TN-G2882_2026-02-22_21-20-51.719_R_B2.fits	61094.389661	0.228889	0.003595
167	TN-G2882_2026-02-22_21-21-34.950_R_B2.fits	61094.390161	0.224080	0.003542
168	TN-G2882_2026-02-22_21-22-21.059_R_B2.fits	61094.390695	0.209089	0.003322
169	TN-G2882_2026-02-22_21-23-03.379_R_B2.fits	61094.391185	0.222910	0.003526
170	TN-G2882_2026-02-22_21-23-50.170_R_B2.fits	61094.391727	0.229891	0.003579
171	TN-G2882_2026-02-22_21-24-37.060_R_B2.fits	61094.392269	0.219374	0.003479
172	TN-G2882_2026-02-22_21-25-24.120_R_B2.fits	61094.392814	0.228270	0.003548
173	TN-G2882_2026-02-22_21-26-06.610_R_B2.fits	61094.393306	0.221974	0.003500
174	TN-G2882_2026-02-22_21-26-49.310_R_B2.fits	61094.393800	0.222299	0.003499
175	TN-G2882_2026-02-22_21-27-31.469_R_B2.fits	61094.394288	0.229140	0.003589
176	TN-G2882_2026-02-22_21-28-14.900_R_B2.fits	61094.394791	0.225424	0.003550
177	TN-G2882_2026-02-22_21-28-57.929_R_B2.fits	61094.395289	0.226158	0.003536
178	TN-G2882_2026-02-22_21-29-44.429_R_B2.fits	61094.395827	0.229215	0.003567
179	TN-G2882_2026-02-22_21-30-31.199_R_B2.fits	61094.396368	0.220389	0.003481
180	TN-G2882_2026-02-22_21-31-18.129_R_B2.fits	61094.396911	0.232596	0.003558
181	TN-G2882_2026-02-22_21-32-00.420_R_B2.fits	61094.397401	0.228696	0.003565
182	TN-G2882_2026-02-22_21-32-47.520_R_B2.fits	61094.397946	0.228974	0.003575
183	TN-G2882_2026-02-22_21-33-33.380_R_B2.fits	61094.398477	0.231494	0.003598
184	TN-G2882_2026-02-22_21-34-19.370_R_B2.fits	61094.399009	0.240651	0.003674
185	TN-G2882_2026-02-22_21-35-05.610_R_B2.fits	61094.399544	0.227758	0.003597
186	TN-G2882_2026-02-22_21-35-48.509_R_B2.fits	61094.400041	0.222051	0.003606
187	TN-G2882_2026-02-22_21-36-31.969_R_B2.fits	61094.400544	0.226173	0.003560
188	TN-G2882_2026-02-22_21-37-18.390_R_B2.fits	61094.401081	0.228990	0.003626
189	TN-G2882_2026-02-22_21-38-04.490_R_B2.fits	61094.401614	0.228459	0.003665
190	TN-G2882_2026-02-22_21-38-51.250_R_B2.fits	61094.402156	0.234593	0.003680
191	TN-G2882_2026-02-22_21-39-36.990_R_B2.fits	61094.402685	0.234316	0.003676
192	TN-G2882_2026-02-22_21-40-23.120_R_B2.fits	61094.403219	0.233790	0.003643
193	TN-G2882_2026-02-22_21-41-05.490_R_B2.fits	61094.403709	0.227824	0.003609
194	TN-G2882_2026-02-22_21-41-51.590_R_B2.fits	61094.404243	0.224477	0.003605
195	TN-G2882_2026-02-22_21-42-34.920_R_B2.fits	61094.404744	0.227410	0.003667
196	TN-G2882_2026-02-22_21-43-21.359_R_B2.fits	61094.405282	0.232934	0.003665
197	TN-G2882_2026-02-22_21-44-09.538_R_B2.fits	61094.405840	0.229067	0.003581
198	TN-G2882_2026-02-22_21-44-59.189_R_B2.fits	61094.406414	0.228797	0.003615
199	TN-G2882_2026-02-22_21-45-55.200_R_B2.fits	61094.407062	0.226047	0.003591
200	TN-G2882_2026-02-22_21-47-04.929_R_B2.fits	61094.407870	0.221652	0.003579
201	TN-G2882_2026-02-23_01-26-52.609_R_B2.fits	61094.560505	0.434262	0.003170
202	TN-G2882_2026-02-23_01-27-40.350_R_B2.fits	61094.561057	0.436983	0.003185
203	TN-G2882_2026-02-23_01-28-22.530_R_B2.fits	61094.561545	0.444413	0.003236
204	TN-G2882_2026-02-23_01-29-04.219_R_B2.fits	61094.562028	0.440029	0.003203
205	TN-G2882_2026-02-23_01-29-46.280_R_B2.fits	61094.562515	0.442879	0.003226
206	TN-G2882_2026-02-23_01-30-32.390_R_B2.fits	61094.563048	0.443238	0.003219
207	TN-G2882_2026-02-23_01-31-18.809_R_B2.fits	61094.563586	0.438179	0.003200
208	TN-G2882_2026-02-23_01-32-05.490_R_B2.fits	61094.564126	0.444475	0.003236
209	TN-G2882_2026-02-23_01-41-36.200_R_B2.fits	61094.570731	0.442574	0.003266
210	TN-G2882_2026-02-23_01-42-23.190_R_B2.fits	61094.571275	0.441853	0.003250
211	TN-G2882_2026-02-23_01-43-10.310_R_B2.fits	61094.571821	0.454523	0.003322
212	TN-G2882_2026-02-23_01-43-52.490_R_B2.fits	61094.572309	0.450038	0.003299
213	TN-G2882_2026-02-23_01-44-39.600_R_B2.fits	61094.572854	0.444453	0.003263
214	TN-G2882_2026-02-23_01-45-26.588_R_B2.fits	61094.573398	0.444969	0.003256
215	TN-G2882_2026-02-23_01-46-13.198_R_B2.fits	61094.573937	0.451857	0.003312
216	TN-G2882_2026-02-23_01-47-00.250_R_B2.fits	61094.574482	0.442980	0.003247
217	TN-G2882_2026-02-23_01-47-46.740_R_B2.fits	61094.575020	0.448733	0.003283
218	TN-G2882_2026-02-23_01-48-28.359_R_B2.fits	61094.575502	0.451891	0.003306
219	TN-G2882_2026-02-23_01-49-11.160_R_B2.fits	61094.575997	0.449651	0.003298
220	TN-G2882_2026-02-23_01-49-53.469_R_B2.fits	61094.576487	0.445590	0.003299
221	TN-G2882_2026-02-23_01-50-35.840_R_B2.fits	61094.576977	0.455292	0.003333
222	TN-G2882_2026-02-23_01-51-22.210_R_B2.fits	61094.577514	0.447046	0.003301
223	TN-G2882_2026-02-23_01-52-08.509_R_B2.fits	61094.578050	0.455560	0.003343
224	TN-G2882_2026-02-23_01-52-50.630_R_B2.fits	61094.578537	0.451460	0.003332
225	TN-G2882_2026-02-23_01-53-37.880_R_B2.fits	61094.579084	0.451507	0.003334
226	TN-G2882_2026-02-23_01-54-24.350_R_B2.fits	61094.579622	0.454698	0.003354
227	TN-G2882_2026-02-23_01-55-07.099_R_B2.fits	61094.580117	0.453377	0.003322
228	TN-G2882_2026-02-23_01-55-53.899_R_B2.fits	61094.580659	0.451149	0.003351
229	TN-G2882_2026-02-23_01-56-40.630_R_B2.fits	61094.581199	0.454868	0.003365
230	TN-G2882_2026-02-23_01-57-27.500_R_B2.fits	61094.581742	0.450547	0.003328
231	TN-G2882_2026-02-23_01-58-09.490_R_B2.fits	61094.582228	0.451710	0.003332
232	TN-G2882_2026-02-23_01-58-52.109_R_B2.fits	61094.582721	0.454623	0.003369
233	TN-G2882_2026-02-23_01-59-38.380_R_B2.fits	61094.583257	0.452433	0.003330
234	TN-G2882_2026-02-23_02-00-24.678_R_B2.fits	61094.583793	0.454343	0.003364
235	TN-G2882_2026-02-23_02-01-11.108_R_B2.fits	61094.584330	0.461741	0.003420
236	TN-G2882_2026-02-23_02-01-57.530_R_B2.fits	61094.584867	0.458675	0.003426
237	TN-G2882_2026-02-23_02-02-39.469_R_B2.fits	61094.585353	0.450303	0.003323
238	TN-G2882_2026-02-23_02-03-22.149_R_B2.fits	61094.585847	0.452837	0.003333
239	TN-G2882_2026-02-23_02-04-08.448_R_B2.fits	61094.586382	0.456562	0.003365
240	TN-G2882_2026-02-23_02-04-55_R_B2.fits	61094.586921	0.454269	0.003379
241	TN-G2882_2026-02-23_02-05-42.240_R_B2.fits	61094.587468	0.452156	0.003349
242	TN-G2882_2026-02-23_02-07-15.589_R_B2.fits	61094.588548	0.451984	0.003343
243	TN-G2882_2026-02-23_02-07-57.520_R_B2.fits	61094.589034	0.451195	0.003362
244	TN-G2882_2026-02-23_02-08-40.140_R_B2.fits	61094.589527	0.458080	0.003398
245	TN-G2882_2026-02-23_02-09-27.160_R_B2.fits	61094.590071	0.453398	0.003383
246	TN-G2882_2026-02-23_02-10-14.538_R_B2.fits	61094.590620	0.452465	0.003357
247	TN-G2882_2026-02-23_02-12-31.289_R_B2.fits	61094.592202	0.452316	0.003396
248	TN-G2882_2026-02-23_02-13-13.320_R_B2.fits	61094.592689	0.451659	0.003359
249	TN-G2882_2026-02-23_02-13-55.420_R_B2.fits	61094.593176	0.452527	0.003389
250	TN-G2882_2026-02-23_02-14-42.329_R_B2.fits	61094.593719	0.456662	0.003405
251	TN-G2882_2026-02-23_02-15-28.399_R_B2.fits	61094.594252	0.453639	0.003380
252	TN-G2882_2026-02-23_02-16-15.580_R_B2.fits	61094.594798	0.454567	0.003417
253	TN-G2882_2026-02-23_02-17-02.278_R_B2.fits	61094.595339	0.454129	0.003380
254	TN-G2882_2026-02-23_02-17-45.030_R_B2.fits	61094.595834	0.450118	0.003377
255	TN-G2882_2026-02-23_02-18-31.280_R_B2.fits	61094.596369	0.449280	0.003364
256	TN-G2882_2026-02-23_02-19-13.480_R_B2.fits	61094.596857	0.452149	0.003403
257	TN-G2882_2026-02-23_02-19-55.439_R_B2.fits	61094.597343	0.451673	0.003411
258	TN-G2882_2026-02-23_02-20-37.469_R_B2.fits	61094.597830	0.454595	0.003423
259	TN-G2882_2026-02-23_02-21-23.609_R_B2.fits	61094.598364	0.453024	0.003439
260	TN-G2882_2026-02-23_02-22-10.349_R_B2.fits	61094.598905	0.452179	0.003421
261	TN-G2882_2026-02-23_02-22-56.710_R_B2.fits	61094.599441	0.448586	0.003405
262	TN-G2882_2026-02-23_02-23-44.090_R_B2.fits	61094.599989	0.459938	0.003476
263	TN-G2882_2026-02-23_02-24-26.789_R_B2.fits	61094.600484	0.449615	0.003417
264	TN-G2882_2026-02-23_02-26-43.810_R_B2.fits	61094.602070	0.454829	0.003441
265	TN-G2882_2026-02-23_02-27-27.018_R_B2.fits	61094.602570	0.449540	0.003439
266	TN-G2882_2026-02-23_02-28-14.189_R_B2.fits	61094.603116	0.445148	0.003394
267	TN-G2882_2026-02-23_02-28-56.439_R_B2.fits	61094.603605	0.449590	0.003443
268	TN-G2882_2026-02-23_02-29-42.890_R_B2.fits	61094.604142	0.452578	0.003481
269	TN-G2882_2026-02-23_02-30-29.320_R_B2.fits	61094.604680	0.448471	0.003443
270	TN-G2882_2026-02-23_02-31-15.368_R_B2.fits	61094.605213	0.451098	0.003452
271	TN-G2882_2026-02-23_02-31-57.450_R_B2.fits	61094.605700	0.447689	0.003440
272	TN-G2882_2026-02-23_02-32-39.890_R_B2.fits	61094.606191	0.451715	0.003509
273	TN-G2882_2026-02-23_02-33-26.399_R_B2.fits	61094.606729	0.450643	0.003471
274	TN-G2882_2026-02-23_02-34-13.009_R_B2.fits	61094.607269	0.443511	0.003415
275	TN-G2882_2026-02-23_02-34-59.130_R_B2.fits	61094.607802	0.444439	0.003447
276	TN-G2882_2026-02-23_02-35-45.859_R_B2.fits	61094.608343	0.452722	0.003487
277	TN-G2882_2026-02-23_02-36-28.449_R_B2.fits	61094.608836	0.440042	0.003458
278	TN-G2882_2026-02-23_02-37-10.380_R_B2.fits	61094.609322	0.445251	0.003476
279	TN-G2882_2026-02-23_02-37-56.740_R_B2.fits	61094.609858	0.449573	0.003523
280	TN-G2882_2026-02-23_02-38-43.640_R_B2.fits	61094.610401	0.452679	0.003535
281	TN-G2882_2026-02-23_02-39-30.289_R_B2.fits	61094.610941	0.444797	0.003483
282	TN-G2882_2026-02-23_02-40-17.518_R_B2.fits	61094.611487	0.445114	0.003496
283	TN-G2882_2026-02-23_02-41-04.320_R_B2.fits	61094.612029	0.444472	0.003534
284	TN-G2882_2026-02-23_02-41-51.539_R_B2.fits	61094.612576	0.444168	0.003510
285	TN-G2882_2026-02-23_02-42-34.560_R_B2.fits	61094.613074	0.436643	0.003478
286	TN-G2882_2026-02-23_02-43-17.980_R_B2.fits	61094.613576	0.450730	0.003561
287	TN-G2882_2026-02-23_02-44-05.160_R_B2.fits	61094.614122	0.448753	0.003584
288	TN-G2882_2026-02-23_02-44-47.340_R_B2.fits	61094.614610	0.439712	0.003515
289	TN-G2882_2026-02-23_02-45-30.018_R_B2.fits	61094.615104	0.445783	0.003581
290	TN-G2882_2026-02-23_02-46-17.140_R_B2.fits	61094.615650	0.449635	0.003579
291	TN-G2882_2026-02-23_02-46-59.939_R_B2.fits	61094.616145	0.433475	0.003502
292	TN-G2882_2026-02-23_02-47-42.939_R_B2.fits	61094.616643	0.440025	0.003548
293	TN-G2882_2026-02-23_02-48-26.010_R_B2.fits	61094.617141	0.438098	0.003548
294	TN-G2882_2026-02-23_02-49-12.679_R_B2.fits	61094.617681	0.431281	0.003465
295	TN-G2882_2026-02-23_02-49-58.920_R_B2.fits	61094.618217	0.437351	0.003533
296	TN-G2882_2026-02-23_02-50-45.408_R_B2.fits	61094.618755	0.433649	0.003537
297	TN-G2882_2026-02-23_02-51-27.469_R_B2.fits	61094.619242	0.431742	0.003492
298	TN-G2882_2026-02-23_02-52-09.419_R_B2.fits	61094.619727	0.430321	0.003529
299	TN-G2882_2026-02-23_02-52-55.719_R_B2.fits	61094.620263	0.436671	0.003552
300	TN-G2882_2026-02-23_02-53-42.210_R_B2.fits	61094.620801	0.428792	0.003532
301	TN-G2882_2026-02-23_02-54-24.329_R_B2.fits	61094.621289	0.435284	0.003576
302	TN-G2882_2026-02-23_02-55-10.630_R_B2.fits	61094.621824	0.442646	0.003640
303	TN-G2882_2026-02-23_02-55-57.118_R_B2.fits	61094.622362	0.426649	0.003556
304	TN-G2882_2026-02-23_02-56-43.560_R_B2.fits	61094.622900	0.434922	0.003606
305	TN-G2882_2026-02-23_02-57-29.559_R_B2.fits	61094.623432	0.432757	0.003579
306	TN-G2882_2026-02-23_02-58-15.990_R_B2.fits	61094.623970	0.435905	0.003614
307	TN-G2882_2026-02-23_02-59-03.520_R_B2.fits	61094.624520	0.425433	0.003544
308	TN-G2882_2026-02-23_02-59-45.340_R_B2.fits	61094.625004	0.423607	0.003584
309	TN-G2882_2026-02-23_03-00-27.260_R_B2.fits	61094.625489	0.419687	0.003533
310	TN-G2882_2026-02-23_03-01-14.368_R_B2.fits	61094.626034	0.425978	0.003560
311	TN-G2882_2026-02-23_03-01-56.920_R_B2.fits	61094.626527	0.424850	0.003533
312	TN-G2882_2026-02-23_03-02-43.368_R_B2.fits	61094.627064	0.420375	0.003536
313	TN-G2882_2026-02-23_03-03-27.969_R_B2.fits	61094.627581	0.426445	0.003577
314	TN-G2882_2026-02-23_03-04-14.269_R_B2.fits	61094.628117	0.421834	0.003543
315	TN-G2882_2026-02-23_03-04-56.908_R_B2.fits	61094.628610	0.420248	0.003557
316	TN-G2882_2026-02-23_03-05-43.149_R_B2.fits	61094.629145	0.421786	0.003560
317	TN-G2882_2026-02-23_03-06-29.870_R_B2.fits	61094.629686	0.419198	0.003611
318	TN-G2882_2026-02-23_03-07-16.500_R_B2.fits	61094.630226	0.418498	0.003566
319	TN-G2882_2026-02-23_03-08-03.108_R_B2.fits	61094.630765	0.420718	0.003586
320	TN-G2882_2026-02-23_03-08-50.280_R_B2.fits	61094.631311	0.416026	0.003544
321	TN-G2882_2026-02-23_03-09-32.899_R_B2.fits	61094.631804	0.405172	0.003493
322	TN-G2882_2026-02-23_03-10-15.778_R_B2.fits	61094.632301	0.418275	0.003561
323	TN-G2882_2026-02-23_03-11-02.890_R_B2.fits	61094.632846	0.414080	0.003554
324	TN-G2882_2026-02-23_03-11-49.520_R_B2.fits	61094.633386	0.414545	0.003592
325	TN-G2882_2026-02-23_03-13-18.140_R_B2.fits	61094.634411	0.416298	0.003604
326	TN-G2882_2026-02-23_03-14-05.110_R_B2.fits	61094.634955	0.405586	0.003573
327	TN-G2882_2026-02-23_03-14-51.679_R_B2.fits	61094.635494	0.402007	0.003558
328	TN-G2882_2026-02-23_03-15-38.548_R_B2.fits	61094.636036	0.406329	0.003576
329	TN-G2882_2026-02-23_03-16-20.609_R_B2.fits	61094.636523	0.415461	0.003632
330	TN-G2882_2026-02-23_03-17-07.349_R_B2.fits	61094.637064	0.405652	0.003602
331	TN-G2882_2026-02-23_03-17-50.908_R_B2.fits	61094.637568	0.408405	0.003596
332	TN-G2882_2026-02-23_03-18-38.020_R_B2.fits	61094.638114	0.404669	0.003615
333	TN-G2882_2026-02-23_03-19-24.768_R_B2.fits	61094.638655	0.404553	0.003601
334	TN-G2882_2026-02-23_03-20-11.320_R_B2.fits	61094.639194	0.400404	0.003580
335	TN-G2882_2026-02-23_03-20-54.009_R_B2.fits	61094.639688	0.406632	0.003607
336	TN-G2882_2026-02-23_03-21-40.270_R_B2.fits	61094.640223	0.400892	0.003601
337	TN-G2882_2026-02-23_03-22-22.460_R_B2.fits	61094.640711	0.400244	0.003631
338	TN-G2882_2026-02-23_03-23-04.950_R_B2.fits	61094.641203	0.394858	0.003564
339	TN-G2882_2026-02-23_03-23-51.329_R_B2.fits	61094.641740	0.405113	0.003668
340	TN-G2882_2026-02-23_03-24-33.450_R_B2.fits	61094.642227	0.395080	0.003628
341	TN-G2882_2026-02-23_03-25-15.259_R_B2.fits	61094.642711	0.391767	0.003590
342	TN-G2882_2026-02-23_03-26-01.500_R_B2.fits	61094.643247	0.400942	0.003625
343	TN-G2882_2026-02-23_03-26-43.548_R_B2.fits	61094.643733	0.397824	0.003619
344	TN-G2882_2026-02-23_03-27-25.989_R_B2.fits	61094.644224	0.408105	0.003670
345	TN-G2882_2026-02-23_03-28-56.810_R_B2.fits	61094.645276	0.404640	0.003650
346	TN-G2882_2026-02-23_03-29-44.070_R_B2.fits	61094.645823	0.396969	0.003672
347	TN-G2882_2026-02-23_03-30-30.489_R_B2.fits	61094.646360	0.394369	0.003623
348	TN-G2882_2026-02-23_03-31-17.289_R_B2.fits	61094.646901	0.390663	0.003634
349	TN-G2882_2026-02-23_03-32-03.870_R_B2.fits	61094.647441	0.394545	0.003677
350	TN-G2882_2026-02-23_03-32-50.990_R_B2.fits	61094.647986	0.383122	0.003629
351	TN-G2882_2026-02-23_03-33-37.618_R_B2.fits	61094.648526	0.384689	0.003684
352	TN-G2882_2026-02-23_03-34-20.300_R_B2.fits	61094.649020	0.369724	0.003590
353	TN-G2882_2026-02-23_03-35-06.910_R_B2.fits	61094.649559	0.380611	0.003643
354	TN-G2882_2026-02-23_03-35-53.579_R_B2.fits	61094.650099	0.378294	0.003628
355	TN-G2882_2026-02-23_03-36-40.350_R_B2.fits	61094.650641	0.378746	0.003646
356	TN-G2882_2026-02-23_03-37-27.170_R_B2.fits	61094.651183	0.384277	0.003712
357	TN-G2882_2026-02-23_03-38-13.519_R_B2.fits	61094.651719	0.378024	0.003693
358	TN-G2882_2026-02-23_03-38-56.960_R_B2.fits	61094.652222	0.384004	0.003738
359	TN-G2882_2026-02-23_03-39-43.450_R_B2.fits	61094.652760	0.374452	0.003679
360	TN-G2882_2026-02-23_03-40-27.010_R_B2.fits	61094.653264	0.378453	0.003706
361	TN-G2882_2026-02-23_03-41-09.380_R_B2.fits	61094.653754	0.376808	0.003759
362	TN-G2882_2026-02-23_03-41-56.490_R_B2.fits	61094.654300	0.366792	0.003636
363	TN-G2882_2026-02-23_03-42-40.009_R_B2.fits	61094.654803	0.374251	0.003715
364	TN-G2882_2026-02-23_03-43-26.219_R_B2.fits	61094.655338	0.377988	0.003728
365	TN-G2882_2026-02-23_03-44-09.960_R_B2.fits	61094.655844	0.364481	0.003674
366	TN-G2882_2026-02-23_03-44-57.219_R_B2.fits	61094.656391	0.368878	0.003701
367	TN-G2882_2026-02-23_03-45-39.908_R_B2.fits	61094.656886	0.368411	0.003750
368	TN-G2882_2026-02-23_03-46-27.149_R_B2.fits	61094.657432	0.367691	0.003752
369	TN-G2882_2026-02-23_03-47-13.519_R_B2.fits	61094.657969	0.364317	0.003705
370	TN-G2882_2026-02-23_03-48-00.180_R_B2.fits	61094.658509	0.365206	0.003795
371	TN-G2882_2026-02-23_03-48-42.478_R_B2.fits	61094.658999	0.358730	0.003739
372	TN-G2882_2026-02-23_03-49-29.280_R_B2.fits	61094.659540	0.364062	0.003787
373	TN-G2882_2026-02-23_03-50-11.339_R_B2.fits	61094.660027	0.357962	0.003730
374	TN-G2882_2026-02-23_03-50-58.280_R_B2.fits	61094.660570	0.358986	0.003762
375	TN-G2882_2026-02-23_03-51-40.490_R_B2.fits	61094.661059	0.360318	0.003783
376	TN-G2882_2026-02-23_03-52-23_R_B2.fits	61094.661551	0.354153	0.003730
377	TN-G2882_2026-02-23_03-53-10.240_R_B2.fits	61094.662098	0.358779	0.003792
378	TN-G2882_2026-02-23_03-53-57.478_R_B2.fits	61094.662644	0.364109	0.003883
379	TN-G2882_2026-02-23_03-54-44.158_R_B2.fits	61094.663185	0.358326	0.003846
380	TN-G2882_2026-02-23_03-55-31.289_R_B2.fits	61094.663730	0.358060	0.003865
381	TN-G2882_2026-02-23_03-56-14.150_R_B2.fits	61094.664226	0.350392	0.003834
382	TN-G2882_2026-02-23_03-57-01.199_R_B2.fits	61094.664771	0.352487	0.003903
383	TN-G2882_2026-02-23_03-57-47.579_R_B2.fits	61094.665308	0.344761	0.003853
384	TN-G2882_2026-02-23_03-58-34.320_R_B2.fits	61094.665849	0.359953	0.003896
385	TN-G2882_2026-02-23_03-59-16.879_R_B2.fits	61094.666341	0.345043	0.003887
386	G2882-S001-R001-C001-R_out.fits	61106.504392	0.082415	0.005422
387	G2882-S001-R001-C002-R_out.fits	61106.505579	0.069970	0.004859
388	G2882-S001-R001-C003-R_out.fits	61106.506757	0.069374	0.004389
389	G2882-S001-R001-C004-R_out.fits	61106.507936	0.074252	0.004065
390	G2882-S001-R001-C005-R_out.fits	61106.509131	0.077099	0.003832
391	G2882-S001-R001-C006-R_out.fits	61106.510313	0.075717	0.003574
392	G2882-S001-R001-C008-R_out.fits	61106.512671	0.079405	0.003364
393	G2882-S001-R001-C009-R_out.fits	61106.513858	0.073348	0.003225
394	G2882-S001-R001-C010-R_out.fits	61106.515037	0.065960	0.003169
395	G2882-S001-R001-C011-R_out.fits	61106.516220	0.072480	0.003104
396	G2882-S001-R001-C012-R_out.fits	61106.517400	0.072048	0.003097
397	G2882-S001-R001-C013-R_out.fits	61106.518580	0.071348	0.003015
398	G2882-S001-R001-C014-R_out.fits	61106.519764	0.070332	0.002991
399	G2882-S001-R001-C015-R_out.fits	61106.520945	0.077124	0.003008
400	G2882-S001-R001-C016-R_out.fits	61106.522131	0.070479	0.002989
401	G2882-S001-R001-C017-R_out.fits	61106.523315	0.068663	0.002989
402	G2882-S001-R001-C018-R_out.fits	61106.524494	0.067373	0.002975
403	G2882-S001-R001-C019-R_out.fits	61106.525675	0.061525	0.002961
404	G2882-S001-R001-C020-R_out.fits	61106.527043	0.063870	0.002911
405	G2882-S001-R001-C021-R_out.fits	61106.528223	0.061997	0.002976
406	G2882-S001-R001-C022-R_out.fits	61106.529400	0.058412	0.002921
407	G2882-S001-R001-C023-R_out.fits	61106.530580	0.057241	0.002969
408	G2882-S001-R001-C024-R_out.fits	61106.531758	0.056190	0.002998
409	G2882-S001-R001-C025-R_out.fits	61106.532963	0.055691	0.003010
410	G2882-S001-R001-C026-R_out.fits	61106.534149	0.062603	0.003078
411	G2882-S001-R001-C027-R_out.fits	61106.535342	0.057976	0.003112
412	G2882-S001-R001-C028-R_out.fits	61106.536530	0.048211	0.003134
413	G2882-S001-R001-C029-R_out.fits	61106.537716	0.052835	0.003195
414	G2882-S001-R001-C042-R_out.fits	61106.553126	0.042446	0.003600
415	G2882-S001-R001-C043-R_out.fits	61106.554306	0.037230	0.003585
416	G2882-S001-R001-C044-R_out.fits	61106.555496	0.035141	0.003633
417	G2882-S001-R001-C045-R_out.fits	61106.556676	0.032884	0.003615
418	G2882-S001-R001-C046-R_out.fits	61106.557857	0.035899	0.003594
419	G2882-S001-R001-C047-R_out.fits	61106.559037	0.036331	0.003655
420	G2882-S001-R001-C048-R_out.fits	61106.560219	0.030929	0.003618
421	G2882-S001-R001-C049-R_out.fits	61106.561404	0.040821	0.003691
422	G2882-S001-R001-C050-R_out.fits	61106.562585	0.034841	0.003692
423	G2882-S001-R001-C051-R_out.fits	61106.563793	0.031181	0.003662
424	G2882-S001-R001-C052-R_out.fits	61106.565005	0.036379	0.003653
425	G2882-S001-R001-C053-R_out.fits	61106.566181	0.035884	0.003695
426	G2882-S001-R001-C054-R_out.fits	61106.567365	0.041543	0.003694
427	G2882-S001-R001-C055-R_out.fits	61106.568545	0.029995	0.003704
428	G2882-S001-R001-C056-R_out.fits	61106.569726	0.030145	0.003720
429	G2882-S001-R001-C057-R_out.fits	61106.570906	0.032812	0.003739
430	G2882-S001-R001-C058-R_out.fits	61106.572093	0.030328	0.003710
431	G2882-S001-R001-C059-R_out.fits	61106.573272	0.039538	0.003748
432	G2882-S001-R001-C060-R_out.fits	61106.574452	0.037520	0.003693
433	G2882-S001-R001-C061-R_out.fits	61106.575645	0.034137	0.003711
434	G2882-S001-R001-C062-R_out.fits	61106.576855	0.043046	0.003700
435	G2882-S001-R001-C063-R_out.fits	61106.578037	0.028921	0.003712
436	G2882-S001-R001-C064-R_out.fits	61106.579240	0.037442	0.003753
437	G2882-S001-R001-C065-R_out.fits	61106.580426	0.032269	0.003737
438	G2882-S001-R001-C066-R_out.fits	61106.581606	0.044505	0.003735
439	G2882-S001-R001-C067-R_out.fits	61106.582785	0.038124	0.003711
440	G2882-S001-R001-C068-R_out.fits	61106.583973	0.037076	0.003741
441	G2882-S001-R001-C069-R_out.fits	61106.585174	0.034436	0.003739
442	G2882-S001-R001-C070-R_out.fits	61106.586356	0.036685	0.003704
443	G2882-S001-R001-C071-R_out.fits	61106.587541	0.030432	0.003785
444	G2882-S001-R001-C072-R_out.fits	61106.588720	0.034308	0.003739
445	G2882-S001-R001-C073-R_out.fits	61106.589900	0.034444	0.003782
446	G2882-S001-R001-C074-R_out.fits	61106.591078	0.031415	0.003802
447	G2882-S001-R001-C075-R_out.fits	61106.592267	0.034883	0.003764
448	G2882-S001-R001-C076-R_out.fits	61106.596803	0.040867	0.003832
449	G2882-S001-R001-C077-R_out.fits	61106.597980	0.032593	0.003838
450	G2882-S001-R001-C078-R_out.fits	61106.599180	0.042041	0.003876
451	G2882-S001-R001-C079-R_out.fits	61106.600360	0.039744	0.003848
452	G2882-S001-R001-C080-R_out.fits	61106.601541	0.034531	0.003934
453	G2882-S001-R001-C081-R_out.fits	61106.602757	0.032860	0.003910
454	G2882-S001-R001-C082-R_out.fits	61106.603934	0.037708	0.003910
455	G2882-S001-R001-C083-R_out.fits	61106.605137	0.035368	0.003930
456	G2882-S001-R001-C084-R_out.fits	61106.606315	0.040607	0.003834
457	G2882-S001-R001-C085-R_out.fits	61106.607491	0.042284	0.003896
458	G2882-S001-R001-C094-R_out.fits	61106.618116	0.038309	0.003918
459	G2882-S001-R001-C095-R_out.fits	61106.619304	0.041980	0.003997
460	G2882-S001-R001-C096-R_out.fits	61106.620483	0.041434	0.003955
461	G2882-S001-R001-C097-R_out.fits	61106.621664	0.037297	0.004009
462	G2882-S001-R001-C098-R_out.fits	61106.622853	0.042748	0.003996
463	G2882-S001-R001-C099-R_out.fits	61106.624033	0.043390	0.004021
464	G2882-S001-R001-C100-R_out.fits	61106.625215	0.047751	0.004023
465	G2882-S001-R001-C001-R_out.fits	61111.505056	0.362206	0.020072
466	G2882-S001-R001-C002-R_out.fits	61111.506581	0.354917	0.017212
467	G2882-S001-R001-C003-R_out.fits	61111.508105	0.344016	0.015701
468	G2882-S001-R001-C004-R_out.fits	61111.509630	0.356734	0.015532
469	G2882-S001-R001-C005-R_out.fits	61111.511159	0.361457	0.014979
470	G2882-S001-R001-C006-R_out.fits	61111.512693	0.373897	0.015173
471	G2882-S001-R001-C007-R_out.fits	61111.514228	0.377761	0.014905
472	G2882-S001-R001-C008-R_out.fits	61111.515756	0.392706	0.014993
473	G2882-S001-R001-C009-R_out.fits	61111.517284	0.397769	0.015494
474	G2882-S001-R001-C010-R_out.fits	61111.518814	0.392388	0.014346
475	G2882-S001-R001-C011-R_out.fits	61111.520340	0.384947	0.014225
476	G2882-S001-R001-C012-R_out.fits	61111.521867	0.408240	0.014083
477	G2882-S001-R001-C013-R_out.fits	61111.523393	0.431381	0.014458
478	G2882-S001-R001-C014-R_out.fits	61111.524917	0.416990	0.014329
479	G2882-S001-R001-C015-R_out.fits	61111.526445	0.415006	0.014649
480	G2882-S001-R001-C016-R_out.fits	61111.527971	0.435285	0.015349
481	G2882-S001-R001-C017-R_out.fits	61111.529497	0.405154	0.014500
482	G2882-S001-R001-C018-R_out.fits	61111.531024	0.430547	0.014731
483	G2882-S001-R001-C019-R_out.fits	61111.532549	0.381429	0.012639
484	G2882-S001-R001-C020-R_out.fits	61111.534077	0.446221	0.015378
485	G2882-S001-R001-C021-R_out.fits	61111.535602	0.422044	0.014455
486	G2882-S001-R001-C022-R_out.fits	61111.537130	0.453886	0.016249
487	G2882-S001-R001-C023-R_out.fits	61111.538689	0.403800	0.014569
488	G2882-S001-R001-C024-R_out.fits	61111.540220	0.395982	0.014889
489	G2882-S001-R001-C025-R_out.fits	61111.541758	0.444133	0.015655
490	G2882-S001-R001-C026-R_out.fits	61111.543293	0.435213	0.015513
491	G2882-S001-R001-C027-R_out.fits	61111.544825	0.414019	0.014761
492	G2882-S001-R001-C028-R_out.fits	61111.546359	0.441131	0.015402
493	G2882-S001-R001-C029-R_out.fits	61111.547887	0.430631	0.015655
494	G2882-S001-R001-C030-R_out.fits	61111.549459	0.402236	0.014485
495	G2882-S001-R001-C031-R_out.fits	61111.550999	0.408275	0.014763
496	G2882-S001-R001-C032-R_out.fits	61111.552533	0.401313	0.014315
497	G2882-S001-R001-C033-R_out.fits	61111.554065	0.411525	0.014605
498	G2882-S001-R001-C034-R_out.fits	61111.555600	0.432103	0.014911
499	G2882-S001-R001-C035-R_out.fits	61111.557133	0.421515	0.014784
500	G2882-S001-R001-C036-R_out.fits	61111.558664	0.441756	0.015578
501	G2882-S001-R001-C037-R_out.fits	61111.560197	0.448583	0.015485
502	G2882-S001-R001-C038-R_out.fits	61111.561734	0.457780	0.015932
503	G2882-S001-R001-C039-R_out.fits	61111.563275	0.478502	0.016000
504	G2882-S001-R001-C040-R_out.fits	61111.564808	0.448707	0.015173
505	G2882-S001-R001-C041-R_out.fits	61111.566366	0.454134	0.014713
506	G2882-S001-R001-C042-R_out.fits	61111.567891	0.446359	0.014413
507	G2882-S001-R001-C043-R_out.fits	61111.569426	0.441061	0.013834
508	G2882-S001-R001-C044-R_out.fits	61111.570967	0.460571	0.014283
509	G2882-S001-R001-C045-R_out.fits	61111.572500	0.466468	0.014209
510	G2882-S001-R001-C046-R_out.fits	61111.574033	0.428278	0.013168
511	G2882-S001-R001-C047-R_out.fits	61111.575567	0.447891	0.013872
512	G2882-S001-R001-C048-R_out.fits	61111.577100	0.475836	0.014597
513	G2882-S001-R001-C049-R_out.fits	61111.578633	0.424264	0.013097
514	G2882-S001-R001-C050-R_out.fits	61111.580169	0.461573	0.014363
515	G2882-S001-R001-C051-R_out.fits	61111.581703	0.464918	0.014938
516	G2882-S001-R001-C052-R_out.fits	61111.583237	0.444931	0.014691
517	G2882-S001-R001-C053-R_out.fits	61111.587945	0.495855	0.016904
518	G2882-S001-R001-C054-R_out.fits	61111.589469	0.456596	0.015340
519	G2882-S001-R001-C055-R_out.fits	61111.591007	0.474986	0.016577
520	G2882-S001-R001-C056-R_out.fits	61111.592540	0.508316	0.017276
521	G2882-S001-R001-C057-R_out.fits	61111.594071	0.458592	0.015720
522	G2882-S001-R001-C058-R_out.fits	61111.595605	0.476709	0.016620
523	G2882-S001-R001-C059-R_out.fits	61111.597136	0.462338	0.015822
524	G2882-S001-R001-C060-R_out.fits	61111.598677	0.449998	0.014830
525	G2882-S001-R001-C061-R_out.fits	61111.600212	0.439632	0.015162
526	G2882-S001-R001-C062-R_out.fits	61111.601745	0.462157	0.015828
527	G2882-S001-R001-C063-R_out.fits	61111.603277	0.490115	0.016786
528	G2882-S001-R001-C064-R_out.fits	61111.604811	0.446793	0.015235
529	G2882-S001-R001-C065-R_out.fits	61111.606382	0.464994	0.016085
530	G2882-S001-R001-C066-R_out.fits	61111.607944	0.472579	0.015943
531	G2882-S001-R001-C067-R_out.fits	61111.609484	0.441117	0.015066
532	G2882-S001-R001-C068-R_out.fits	61111.611052	0.450979	0.015693
533	G2882-S001-R001-C001-R_out.fits	61112.504988	0.187185	0.021377
534	G2882-S001-R001-C002-R_out.fits	61112.506516	0.176295	0.020016
535	G2882-S001-R001-C003-R_out.fits	61112.508041	0.158963	0.019561
536	G2882-S001-R001-C004-R_out.fits	61112.509569	0.167553	0.017865
537	G2882-S001-R001-C005-R_out.fits	61112.511094	0.180702	0.018991
538	G2882-S001-R001-C006-R_out.fits	61112.512622	0.186429	0.018985
539	G2882-S001-R001-C007-R_out.fits	61112.514146	0.175388	0.019048
540	G2882-S001-R001-C008-R_out.fits	61112.515670	0.203173	0.018184
541	G2882-S001-R001-C009-R_out.fits	61112.517195	0.198654	0.017847
542	G2882-S001-R001-C010-R_out.fits	61112.518721	0.197157	0.018769
543	G2882-S001-R001-C011-R_out.fits	61112.520253	0.201513	0.019238
544	G2882-S001-R001-C012-R_out.fits	61112.521776	0.166168	0.015367
545	G2882-S001-R001-C013-R_out.fits	61112.523302	0.184375	0.015312
546	G2882-S001-R001-C014-R_out.fits	61112.524827	0.147399	0.014740
547	G2882-S001-R001-C015-R_out.fits	61112.526354	0.192772	0.015957
548	G2882-S001-R001-C016-R_out.fits	61112.527891	0.185370	0.017515
549	G2882-S001-R001-C017-R_out.fits	61112.529425	0.196899	0.017052
550	G2882-S001-R001-C018-R_out.fits	61112.530956	0.214397	0.017955
551	G2882-S001-R001-C019-R_out.fits	61112.532479	0.209512	0.017075
552	G2882-S001-R001-C020-R_out.fits	61112.534005	0.221694	0.018486
553	G2882-S001-R001-C021-R_out.fits	61112.535537	0.227204	0.018129
554	G2882-S001-R001-C022-R_out.fits	61112.537061	0.206313	0.017726
555	G2882-S001-R001-C023-R_out.fits	61112.538586	0.216349	0.018138
556	G2882-S001-R001-C024-R_out.fits	61112.540112	0.240525	0.017945
557	G2882-S001-R001-C025-R_out.fits	61112.541636	0.224355	0.017302
558	G2882-S001-R001-C026-R_out.fits	61112.543169	0.239254	0.017963
559	G2882-S001-R001-C027-R_out.fits	61112.544697	0.264024	0.018569
560	G2882-S001-R001-C028-R_out.fits	61112.546221	0.260370	0.018994
561	G2882-S001-R001-C029-R_out.fits	61112.547750	0.229662	0.017860
562	G2882-S001-R001-C030-R_out.fits	61112.549281	0.236234	0.017280
563	G2882-S001-R001-C031-R_out.fits	61112.550811	0.267611	0.018070
564	G2882-S001-R001-C032-R_out.fits	61112.552353	0.265809	0.017561
565	G2882-S001-R001-C033-R_out.fits	61112.553880	0.221252	0.014080
566	G2882-S001-R001-C034-R_out.fits	61112.555408	0.268225	0.016959
567	G2882-S001-R001-C035-R_out.fits	61112.556946	0.315336	0.018750
568	G2882-S001-R001-C036-R_out.fits	61112.558479	0.288424	0.017667
569	G2882-S001-R001-C037-R_out.fits	61112.560003	0.323739	0.018371
570	G2882-S001-R001-C038-R_out.fits	61112.561528	0.299459	0.017374
571	G2882-S001-R001-C039-R_out.fits	61112.563052	0.324091	0.017332
572	G2882-S001-R001-C040-R_out.fits	61112.564578	0.319890	0.018281
573	G2882-S001-R001-C041-R_out.fits	61112.566112	0.370478	0.019772
574	G2882-S001-R001-C042-R_out.fits	61112.567636	0.331304	0.017973
575	G2882-S001-R001-C043-R_out.fits	61112.569160	0.333346	0.018652
576	G2882-S001-R001-C044-R_out.fits	61112.570694	0.353591	0.020255
577	G2882-S001-R001-C045-R_out.fits	61112.572230	0.362956	0.019194
578	G2882-S001-R001-C046-R_out.fits	61112.573760	0.379291	0.020468
579	G2882-S001-R001-C047-R_out.fits	61112.575285	0.365302	0.017778
580	G2882-S001-R001-C048-R_out.fits	61112.576812	0.390912	0.019976
581	G2882-S001-R001-C049-R_out.fits	61112.578335	0.390016	0.020024
582	G2882-S001-R001-C050-R_out.fits	61112.579864	0.385922	0.020258
583	G2882-S001-R001-C051-R_out.fits	61112.581400	0.400540	0.020147
584	G2882-S001-R001-C052-R_out.fits	61112.586016	0.433850	0.021714
585	G2882-S001-R001-C053-R_out.fits	61112.587545	0.466321	0.022002
586	G2882-S001-R001-C054-R_out.fits	61112.589090	0.479677	0.021349
587	G2882-S001-R001-C055-R_out.fits	61112.590616	0.523898	0.021746
588	G2882-S001-R001-C056-R_out.fits	61112.592140	0.548944	0.023172
589	G2882-S001-R001-C057-R_out.fits	61112.593665	0.574155	0.023071
590	G2882-S001-R001-C058-R_out.fits	61112.595194	0.503825	0.020828
591	G2882-S001-R001-C059-R_out.fits	61112.596718	0.459562	0.020330
592	G2882-S001-R001-C060-R_out.fits	61112.598242	0.476099	0.020416
593	G2882-S001-R001-C061-R_out.fits	61112.599768	0.500867	0.021424
594	G2882-S001-R001-C062-R_out.fits	61112.601293	0.536277	0.023277
595	G2882-S001-R001-C063-R_out.fits	61112.602821	0.477762	0.020340
596	G2882-S001-R001-C064-R_out.fits	61112.604345	0.493840	0.021687
597	G2882-S001-R001-C065-R_out.fits	61112.605869	0.496342	0.020907
598	G2882-S001-R001-C066-R_out.fits	61112.607391	0.519445	0.021856
599	G2882-S001-R001-C067-R_out.fits	61112.608916	0.506707	0.021154
600	G2882-S001-R001-C068-R_out.fits	61112.610441	0.498552	0.020553
601	G2882-S001-R001-C069-R_out.fits	61112.611964	0.545372	0.022459
602	G2882-S001-R001-C070-R_out.fits	61112.613488	0.541306	0.022461
603	G2882-S001-R001-C071-R_out.fits	61112.615011	0.524527	0.021101
604	G2882-S001-R001-C072-R_out.fits	61112.616537	0.557678	0.021511
605	G2882-S001-R001-C073-R_out.fits	61112.618061	0.506771	0.020358
606	G2882-S001-R001-C074-R_out.fits	61112.619588	0.543862	0.021948
607	G2882-S001-R001-C075-R_out.fits	61112.621112	0.521906	0.020646
608	G2882-S001-R001-C076-R_out.fits	61112.622640	0.567857	0.021319
609	G2882-S001-R001-C077-R_out.fits	61112.624164	0.535167	0.019866
610	G2882-S001-R001-C078-R_out.fits	61112.625687	0.562654	0.021168
611	G2882-S001-R001-C079-R_out.fits	61112.627220	0.570375	0.021344
612	G2882-S001-R001-C080-R_out.fits	61112.628743	0.584331	0.021695
613	G2882-S001-R001-C081-R_out.fits	61112.630267	0.575519	0.021987
614	G2882-S001-R001-C082-R_out.fits	61112.631792	0.580156	0.022191
615	G2882-S001-R001-C001-R_out.fits	61114.540675	0.243843	0.011763
616	G2882-S001-R001-C002-R_out.fits	61114.542202	0.245168	0.011564
617	G2882-S001-R001-C003-R_out.fits	61114.543729	0.293137	0.012691
618	G2882-S001-R001-C004-R_out.fits	61114.545292	0.250686	0.011898
619	G2882-S001-R001-C005-R_out.fits	61114.546820	0.274256	0.011903
620	G2882-S001-R001-C006-R_out.fits	61114.548349	0.272750	0.011920
621	G2882-S001-R001-C007-R_out.fits	61114.549877	0.254250	0.011826
622	G2882-S001-R001-C008-R_out.fits	61114.551408	0.265971	0.011695
623	G2882-S001-R001-C009-R_out.fits	61114.552937	0.272966	0.012195
624	G2882-S001-R001-C010-R_out.fits	61114.554465	0.251079	0.011488
625	G2882-S001-R001-C011-R_out.fits	61114.555995	0.263689	0.011802
626	G2882-S001-R001-C012-R_out.fits	61114.557522	0.275830	0.012126
627	G2882-S001-R001-C013-R_out.fits	61114.559054	0.279168	0.012119
628	G2882-S001-R001-C014-R_out.fits	61114.560585	0.256453	0.011880
629	G2882-S001-R001-C015-R_out.fits	61114.562113	0.257087	0.011364
630	G2882-S001-R001-C016-R_out.fits	61114.563642	0.261849	0.011248
631	G2882-S001-R001-C017-R_out.fits	61114.565169	0.272760	0.011621
632	G2882-S001-R001-C018-R_out.fits	61114.566704	0.260288	0.011495
633	G2882-S001-R001-C019-R_out.fits	61114.568232	0.259621	0.011277
634	G2882-S001-R001-C020-R_out.fits	61114.569761	0.252844	0.011228
635	G2882-S001-R001-C021-R_out.fits	61114.571288	0.268774	0.011539
636	G2882-S001-R001-C022-R_out.fits	61114.572817	0.246458	0.010957
637	G2882-S001-R001-C023-R_out.fits	61114.574344	0.245302	0.010639
638	G2882-S001-R001-C024-R_out.fits	61114.575873	0.278430	0.011007
639	G2882-S001-R001-C025-R_out.fits	61114.577401	0.248359	0.010810
640	G2882-S001-R001-C026-R_out.fits	61114.582229	0.248512	0.010979
641	G2882-S001-R001-C027-R_out.fits	61114.583756	0.252960	0.010923
642	G2882-S001-R001-C028-R_out.fits	61114.585287	0.249248	0.010668
643	G2882-S001-R001-C029-R_out.fits	61114.586823	0.236929	0.010690
644	G2882-S001-R001-C030-R_out.fits	61114.588349	0.242473	0.010561
645	G2882-S001-R001-C031-R_out.fits	61114.589876	0.262399	0.011049
646	G2882-S001-R001-C032-R_out.fits	61114.591403	0.217472	0.010465
647	G2882-S001-R001-C033-R_out.fits	61114.592932	0.227787	0.010596
648	G2882-S001-R001-C034-R_out.fits	61114.594461	0.233420	0.010615
649	G2882-S001-R001-C035-R_out.fits	61114.595988	0.245351	0.010418
650	G2882-S001-R001-C036-R_out.fits	61114.597516	0.240124	0.010481
651	G2882-S001-R001-C037-R_out.fits	61114.599041	0.242629	0.010557
652	G2882-S001-R001-C038-R_out.fits	61114.600567	0.233473	0.010308
653	G2882-S001-R001-C039-R_out.fits	61114.602094	0.242909	0.010539
654	G2882-S001-R001-C040-R_out.fits	61114.603623	0.217198	0.009946
655	G2882-S001-R001-C041-R_out.fits	61114.605154	0.211065	0.009860
656	G2882-S001-R001-C042-R_out.fits	61114.606680	0.242312	0.010215
657	G2882-S001-R001-C043-R_out.fits	61114.608208	0.229377	0.010034
658	G2882-S001-R001-C044-R_out.fits	61114.609739	0.221126	0.009805
659	G2882-S001-R001-C045-R_out.fits	61114.611268	0.204017	0.009713
660	G2882-S001-R001-C001-R_out.fits	61116.499474	0.514409	0.091634
661	G2882-S001-R001-C004-R_out.fits	61116.506137	0.440575	0.069566
662	G2882-S001-R001-C005-R_out.fits	61116.508358	0.284790	0.058996
663	G2882-S001-R001-C006-R_out.fits	61116.510605	0.413593	0.058788
664	G2882-S001-R001-C007-R_out.fits	61116.512827	0.396964	0.065112
665	G2882-S001-R001-C008-R_out.fits	61116.515057	0.404016	0.058871
666	G2882-S001-R001-C009-R_out.fits	61116.517280	0.232741	0.043046
667	G2882-S001-R001-C010-R_out.fits	61116.519494	0.327281	0.060864
668	G2882-S001-R001-C011-R_out.fits	61116.521716	0.376979	0.051362
669	G2882-S001-R001-C012-R_out.fits	61116.523938	0.314063	0.050677
670	G2882-S001-R001-C013-R_out.fits	61116.526167	0.339244	0.058072
671	G2882-S001-R001-C014-R_out.fits	61116.528391	0.408045	0.058573
672	G2882-S001-R001-C015-R_out.fits	61116.530614	0.368437	0.054818
673	G2882-S001-R001-C016-R_out.fits	61116.532836	0.311664	0.050920
674	G2882-S001-R001-C017-R_out.fits	61116.535056	0.254776	0.037768
675	G2882-S001-R001-C018-R_out.fits	61116.537283	0.232285	0.037454
676	G2882-S001-R001-C019-R_out.fits	61116.539503	0.264484	0.043537
677	G2882-S001-R001-C020-R_out.fits	61116.541726	0.179475	0.038991
678	G2882-S001-R001-C021-R_out.fits	61116.543945	0.198749	0.042738
679	G2882-S001-R001-C022-R_out.fits	61116.546170	0.182051	0.040575
680	G2882-S001-R001-C023-R_out.fits	61116.548396	0.247073	0.047137
681	G2882-S001-R001-C024-R_out.fits	61116.550616	0.149283	0.042214
682	G2882-S001-R001-C025-R_out.fits	61116.552834	0.247855	0.049530
683	G2882-S001-R001-C026-R_out.fits	61116.555056	0.176221	0.035389
684	G2882-S001-R001-C027-R_out.fits	61116.557278	0.239678	0.044086
685	G2882-S001-R001-C028-R_out.fits	61116.559510	0.183243	0.042864
686	G2882-S001-R001-C029-R_out.fits	61116.561733	0.125975	0.036187
687	G2882-S001-R001-C030-R_out.fits	61116.563954	0.243847	0.045263
688	G2882-S001-R001-C031-R_out.fits	61116.566174	0.263688	0.046892
689	G2882-S001-R001-C032-R_out.fits	61116.568395	0.219641	0.042452
690	G2882-S001-R001-C033-R_out.fits	61116.570621	0.351479	0.048895
691	G2882-S001-R001-C034-R_out.fits	61116.572843	0.341139	0.042355
692	G2882-S001-R001-C035-R_out.fits	61116.578714	0.370483	0.049488
693	G2882-S001-R001-C036-R_out.fits	61116.580940	0.430173	0.065063
694	G2882-S001-R001-C037-R_out.fits	61116.583165	0.356409	0.055249
695	G2882-S001-R001-C038-R_out.fits	61116.585385	0.367851	0.054027
696	G2882-S001-R001-C039-R_out.fits	61116.587605	0.489579	0.065085
697	G2882-S001-R001-C040-R_out.fits	61116.589824	0.377405	0.052097
698	G2882-S001-R001-C041-R_out.fits	61116.592049	0.465176	0.060115
699	G2882-S001-R001-C042-R_out.fits	61116.594271	0.380126	0.044851
700	G2882-S001-R001-C043-R_out.fits	61116.596495	0.422513	0.044483
701	G2882-S001-R001-C044-R_out.fits	61116.598735	0.517310	0.054668
702	G2882-S001-R001-C045-R_out.fits	61116.600949	0.580892	0.056015
703	G2882-S001-R001-C046-R_out.fits	61116.603167	0.618190	0.051502
704	G2882-S001-R001-C050-R_out.fits	61116.612067	0.577137	0.049270
705	G2882-S001-R001-C051-R_out.fits	61116.614308	0.534827	0.047770
706	G2882-S001-R001-C052-R_out.fits	61116.616527	0.456840	0.042568
707	G2882-S001-R001-C053-R_out.fits	61116.618769	0.574865	0.051999
708	G2882-S001-R001-C054-R_out.fits	61116.620988	0.590411	0.055772
709	G2882-S001-R001-C055-R_out.fits	61116.623224	0.630099	0.056865
710	G2882-S001-R001-C056-R_out.fits	61116.625451	0.607718	0.051264
711	G2882-S001-R001-C057-R_out.fits	61116.627691	0.643323	0.052857
712	G2882-S001-R001-C058-R_out.fits	61116.629906	0.567303	0.045280
713	G2882-S001-R001-C059-R_out.fits	61116.632126	0.519460	0.041518
714	G2882-S001-R001-C060-R_out.fits	61116.634364	0.609032	0.050862
715	G2882-S001-R001-C061-R_out.fits	61116.636608	0.595855	0.047025
716	G2882-S001-R001-C062-R_out.fits	61116.638825	0.623095	0.054835
717	G2882-S001-R001-C063-R_out.fits	61116.641043	0.649266	0.054152
718	G2882-S001-R001-C064-R_out.fits	61116.643261	0.585059	0.048108
719	G2882-S001-R001-C065-R_out.fits	61116.645475	0.632871	0.048935
720	G2882-S001-R001-C066-R_out.fits	61116.647723	0.718644	0.056475
721	G2882-S001-R001-C067-R_out.fits	61116.649938	0.675230	0.052718
722	G2882-S001-R001-C068-R_out.fits	61116.652158	0.703981	0.055578
723	G2882-S001-R001-C069-R_out.fits	61116.654398	0.674698	0.054775
724	G2882-S001-R001-C070-R_out.fits	61116.656619	0.583921	0.048015
725	G2882-S001-R001-C071-R_out.fits	61116.658855	0.709566	0.054827
726	G2882-S001-R001-C072-R_out.fits	61116.661075	0.653378	0.051926
727	G2882-S001-R001-C073-R_out.fits	61116.663295	0.764768	0.061188
728	G2882-S001-R001-C074-R_out.fits	61116.665512	0.856271	0.065005
729	G2882-S001-R001-C075-R_out.fits	61116.667728	0.857394	0.073170
730	G2882-S001-R001-C076-R_out.fits	61116.669950	0.792764	0.065568
731	G2882-S001-R001-C077-R_out.fits	61116.672190	0.927373	0.076867
732	G2882-S001-R001-C078-R_out.fits	61116.674406	0.747057	0.058152
733	G2882-S001-R001-C079-R_out.fits	61116.676625	0.862876	0.067636
734	G2882-S001-R001-C080-R_out.fits	61116.678845	0.829850	0.067539
735	G2882-S001-R001-C081-R_out.fits	61116.681083	0.844274	0.063128
736	G2882-S001-R001-C082-R_out.fits	61116.683304	0.830627	0.062472
737	G2882-S001-R001-C083-R_out.fits	61116.685542	0.857957	0.063817
738	G2882-S001-R001-C084-R_out.fits	61116.687759	0.858215	0.066924
739	G2882-S001-R001-C085-R_out.fits	61116.689983	0.958781	0.073093
740	G2882-S001-R001-C086-R_out.fits	61116.692206	0.922758	0.069229
741	G2882-S001-R001-C093-R_out.fits	61116.707771	1.133225	0.096658
742	G2882-S001-R001-C094-R_out.fits	61116.709986	0.890278	0.067503
743	G2882-S001-R001-C095-R_out.fits	61116.712200	1.037344	0.086698
744	G2882-S001-R001-C097-R_out.fits	61116.716663	0.848426	0.065936
745	G2882-S001-R001-C098-R_out.fits	61116.718878	0.898440	0.068494
746	G2882-S001-R001-C099-R_out.fits	61116.721099	0.823618	0.059626
