#	Label	J.D.-2400000	rel_flux_T1	rel_flux_err_T1
1	K01E00C-S001-R001-C140-R_out.fits	61100.790487	0.692952	0.019846
2	K01E00C-S001-R001-C141-R_out.fits	61100.790964	0.714896	0.019959
3	K01E00C-S001-R001-C142-R_out.fits	61100.791443	0.686222	0.019543
4	K01E00C-S001-R001-C143-R_out.fits	61100.791953	0.702556	0.020034
5	K01E00C-S001-R001-C144-R_out.fits	61100.792430	0.667850	0.018530
6	K01E00C-S001-R001-C145-R_out.fits	61100.792908	0.713411	0.020172
7	K01E00C-S001-R001-C146-R_out.fits	61100.793388	0.679757	0.018763
8	K01E00C-S001-R001-C147-R_out.fits	61100.793864	0.708015	0.019848
9	K01E00C-S001-R001-C148-R_out.fits	61100.794341	0.673697	0.018825
10	K01E00C-S001-R001-C149-R_out.fits	61100.794820	0.731269	0.020827
11	K01E00C-S001-R001-C150-R_out.fits	61100.795299	0.659463	0.018440
12	K01E00C-S001-R001-C151-R_out.fits	61100.795778	0.674554	0.019096
13	K01E00C-S001-R001-C152-R_out.fits	61100.796255	0.717753	0.020303
14	K01E00C-S001-R001-C153-R_out.fits	61100.796739	0.709206	0.019574
15	K01E00C-S001-R001-C154-R_out.fits	61100.797217	0.693897	0.019581
16	K01E00C-S001-R001-C155-R_out.fits	61100.797694	0.728839	0.020484
17	K01E00C-S001-R001-C156-R_out.fits	61100.798204	0.677324	0.018887
18	K01E00C-S001-R001-C157-R_out.fits	61100.798681	0.685924	0.019609
19	K01E00C-S001-R001-C158-R_out.fits	61100.799164	0.732095	0.020758
20	K01E00C-S001-R001-C159-R_out.fits	61100.799642	0.688034	0.019247
21	K01E00C-S001-R001-C160-R_out.fits	61100.800119	0.695995	0.019370
22	K01E00C-S001-R001-C161-R_out.fits	61100.800618	0.696359	0.019487
23	K01E00C-S001-R001-C162-R_out.fits	61100.801095	0.679129	0.018819
24	K01E00C-S001-R001-C163-R_out.fits	61100.801573	0.721326	0.020084
25	K01E00C-S001-R001-C164-R_out.fits	61100.802050	0.668926	0.018562
26	K01E00C-S001-R001-C165-R_out.fits	61100.802528	0.708062	0.019539
27	K01E00C-S001-R001-C166-R_out.fits	61100.803010	0.690726	0.019519
28	K01E00C-S001-R001-C167-R_out.fits	61100.803489	0.699635	0.019532
29	K01E00C-S001-R001-C168-R_out.fits	61100.803968	0.732626	0.020406
30	K01E00C-S001-R001-C169-R_out.fits	61100.804478	0.710199	0.020201
31	K01E00C-S001-R001-C170-R_out.fits	61100.804955	0.737105	0.020160
32	K01E00C-S001-R001-C171-R_out.fits	61100.805433	0.700708	0.019515
33	K01E00C-S001-R001-C172-R_out.fits	61100.805910	0.731724	0.020569
34	K01E00C-S001-R001-C173-R_out.fits	61100.806387	0.730071	0.020253
35	K01E00C-S001-R001-C174-R_out.fits	61100.806891	0.701421	0.019201
36	K01E00C-S001-R001-C175-R_out.fits	61100.807371	0.712644	0.019946
37	K01E00C-S001-R001-C176-R_out.fits	61100.807851	0.711047	0.019413
38	K01E00C-S001-R001-C177-R_out.fits	61100.808330	0.735661	0.019999
39	K01E00C-S001-R001-C178-R_out.fits	61100.808810	0.747886	0.020901
40	K01E00C-S001-R001-C179-R_out.fits	61100.809331	0.746427	0.021019
41	K01E00C-S001-R001-C180-R_out.fits	61100.809816	0.726010	0.019840
42	K01E00C-S001-R001-C181-R_out.fits	61100.810294	0.765532	0.021393
43	K01E00C-S001-R001-C182-R_out.fits	61100.810776	0.738881	0.020453
44	K01E00C-S001-R001-C183-R_out.fits	61100.811254	0.722713	0.019585
45	K01E00C-S001-R001-C184-R_out.fits	61100.811731	0.689760	0.018323
46	K01E00C-S001-R001-C185-R_out.fits	61100.812209	0.727800	0.020032
47	K01E00C-S001-R001-C186-R_out.fits	61100.812688	0.761702	0.020486
48	K01E00C-S001-R001-C187-R_out.fits	61100.813173	0.777036	0.020928
49	K01E00C-S001-R001-C188-R_out.fits	61100.813654	0.771316	0.020745
50	K01E00C-S001-R001-C189-R_out.fits	61100.814148	0.777769	0.020368
51	K01E00C-S001-R001-C193-R_out.fits	61100.816073	0.744952	0.019924
52	K01E00C-S001-R001-C194-R_out.fits	61100.816551	0.763611	0.020763
53	K01E00C-S001-R001-C195-R_out.fits	61100.817031	0.727640	0.019794
54	K01E00C-S001-R001-C196-R_out.fits	61100.817508	0.752324	0.019905
55	K01E00C-S001-R001-C197-R_out.fits	61100.817988	0.700658	0.018705
56	K01E00C-S001-R001-C198-R_out.fits	61100.818465	0.771960	0.020520
57	K01E00C-S001-R001-C199-R_out.fits	61100.818941	0.724604	0.019369
58	K01E00C-S001-R001-C200-R_out.fits	61100.819423	0.760339	0.020311
59	K01E00C-S001-R001-C201-R_out.fits	61100.819902	0.754930	0.019869
60	K01E00C-S001-R001-C202-R_out.fits	61100.820415	0.742786	0.019757
61	K01E00C-S001-R001-C203-R_out.fits	61100.820899	0.717369	0.019213
62	K01E00C-S001-R001-C204-R_out.fits	61100.821380	0.745623	0.019442
63	K01E00C-S001-R001-C205-R_out.fits	61100.821865	0.740801	0.020134
64	K01E00C-S001-R001-C206-R_out.fits	61100.822347	0.733974	0.019440
65	K01E00C-S001-R001-C207-R_out.fits	61100.822826	0.765164	0.020421
66	K01E00C-S001-R001-C208-R_out.fits	61100.823306	0.741644	0.019525
67	K01E00C-S001-R001-C209-R_out.fits	61100.823788	0.746032	0.019845
68	K01E00C-S001-R001-C210-R_out.fits	61100.824270	0.748908	0.019948
69	K01E00C-S001-R001-C211-R_out.fits	61100.824748	0.766859	0.020547
70	K01E00C-S001-R001-C212-R_out.fits	61100.825235	0.743263	0.019600
71	K01E00C-S001-R001-C213-R_out.fits	61100.825723	0.714371	0.018700
72	K01E00C-S001-R001-C214-R_out.fits	61100.826202	0.739082	0.019506
73	K01E00C-S001-R001-C215-R_out.fits	61100.826713	0.745698	0.019696
74	K01E00C-S001-R001-C216-R_out.fits	61100.827192	0.735739	0.019417
75	K01E00C-S001-R001-C217-R_out.fits	61100.827672	0.710752	0.018525
76	K01E00C-S001-R001-C218-R_out.fits	61100.828151	0.752350	0.019563
77	K01E00C-S001-R001-C219-R_out.fits	61100.828632	0.729690	0.018914
78	K01E00C-S001-R001-C220-R_out.fits	61100.829112	0.744780	0.019161
79	K01E00C-S001-R001-C221-R_out.fits	61100.829598	0.768390	0.020133
80	K01E00C-S001-R001-C222-R_out.fits	61100.830092	0.742408	0.019476
81	K01E00C-S001-R001-C223-R_out.fits	61100.830572	0.793294	0.020872
82	K01E00C-S001-R001-C224-R_out.fits	61100.831050	0.798223	0.020672
83	K01E00C-S001-R001-C225-R_out.fits	61100.831573	0.768433	0.020005
84	K01E00C-S001-R001-C226-R_out.fits	61100.832052	0.773615	0.020127
85	K01E00C-S001-R001-C227-R_out.fits	61100.832531	0.746380	0.019435
86	K01E00C-S001-R001-C228-R_out.fits	61100.833012	0.714434	0.018160
87	K01E00C-S001-R001-C229-R_out.fits	61100.833489	0.713080	0.017962
88	K01E00C-S001-R001-C230-R_out.fits	61100.833966	0.766345	0.019620
89	K01E00C-S001-R001-C231-R_out.fits	61100.834447	0.746749	0.019137
90	K01E00C-S001-R001-C232-R_out.fits	61100.834932	0.770501	0.020155
91	K01E00C-S001-R001-C233-R_out.fits	61100.835412	0.754280	0.019454
92	K01E00C-S001-R001-C234-R_out.fits	61100.835890	0.741872	0.018694
93	K01E00C-S001-R001-C235-R_out.fits	61100.836401	0.742293	0.018424
94	K01E00C-S001-R001-C236-R_out.fits	61100.836884	0.738786	0.018532
95	K01E00C-S001-R001-C237-R_out.fits	61100.837362	0.754366	0.018897
96	K01E00C-S001-R001-C238-R_out.fits	61100.837843	0.732229	0.018481
97	K01E00C-S001-R001-C239-R_out.fits	61100.838327	0.716740	0.018096
98	K01E00C-S001-R001-C240-R_out.fits	61100.838804	0.759614	0.019179
99	K01E00C-S001-R001-C241-R_out.fits	61100.839285	0.760422	0.019223
100	K01E00C-S001-R001-C242-R_out.fits	61100.839764	0.733707	0.018161
101	K01E00C-S001-R001-C243-R_out.fits	61100.840242	0.771163	0.019350
102	K01E00C-S001-R001-C244-R_out.fits	61100.840719	0.726644	0.017701
103	K01E00C-S001-R001-C245-R_out.fits	61100.841204	0.736088	0.018272
104	K01E00C-S001-R001-C246-R_out.fits	61100.841684	0.728871	0.017529
105	K01E00C-S001-R001-C247-R_out.fits	61100.842164	0.738552	0.017832
106	K01E00C-S001-R001-C248-R_out.fits	61100.842674	0.715547	0.017074
107	K01E00C-S001-R001-C249-R_out.fits	61100.843154	0.739085	0.017539
108	K01E00C-S001-R001-C250-R_out.fits	61100.843641	0.770361	0.018427
109	K01E00C-S001-R001-C251-R_out.fits	61100.844120	0.724172	0.016906
110	K01E00C-S001-R001-C252-R_out.fits	61100.844604	0.741181	0.017691
111	K01E00C-S001-R001-C253-R_out.fits	61100.845082	0.758506	0.017747
112	K01E00C-S001-R001-C254-R_out.fits	61100.845560	0.754342	0.017418
113	K01E00C-S001-R001-C255-R_out.fits	61100.846042	0.723307	0.016919
114	K01E00C-S001-R001-C256-R_out.fits	61100.846520	0.746828	0.017373
115	K01E00C-S001-R001-C257-R_out.fits	61100.846997	0.741067	0.017237
116	K01E00C-S001-R001-C258-R_out.fits	61100.847508	0.779046	0.018073
117	K01E00C-S001-R001-C259-R_out.fits	61100.847985	0.737985	0.016846
