#	Label	J.D.-2400000	rel_flux_T1	rel_flux_err_T1	AIRMASS	Source-Sky_T1	Source_Error_T1
1	TN-G2882_2026-02-23_01-26-52.609_R_B2.fits	61094.560505	0.631237	0.004536	1.296012	43781.027343	237.414047
2	TN-G2882_2026-02-23_01-27-40.350_R_B2.fits	61094.561057	0.640016	0.004548	1.299067	44876.796796	239.843345
3	TN-G2882_2026-02-23_01-28-22.530_R_B2.fits	61094.561545	0.637526	0.004554	1.301787	44402.448896	238.677784
4	TN-G2882_2026-02-23_01-29-04.219_R_B2.fits	61094.562028	0.647744	0.004649	1.304494	44484.383762	239.070055
5	TN-G2882_2026-02-23_01-29-46.280_R_B2.fits	61094.562515	0.646148	0.004614	1.307243	44853.780953	240.316686
6	TN-G2882_2026-02-23_01-30-32.390_R_B2.fits	61094.563048	0.653258	0.004646	1.310280	45265.067398	240.582635
7	TN-G2882_2026-02-23_01-31-18.809_R_B2.fits	61094.563586	0.635671	0.004557	1.313361	44325.442936	239.406909
8	TN-G2882_2026-02-23_01-32-05.490_R_B2.fits	61094.564126	0.636910	0.004557	1.316483	44376.622635	239.156820
9	TN-G2882_2026-02-23_01-32-52.289_R_B2.fits	61094.564668	0.641140	0.004580	1.319638	44683.802862	239.930484
10	TN-G2882_2026-02-23_01-33-39.289_R_B2.fits	61094.565212	0.649876	0.004606	1.322831	45608.763550	241.935656
11	TN-G2882_2026-02-23_01-41-36.200_R_B2.fits	61094.570731	0.643763	0.004717	1.356695	43338.718324	237.966945
12	TN-G2882_2026-02-23_01-42-23.190_R_B2.fits	61094.571275	0.641036	0.004676	1.360177	43520.448566	238.110762
13	TN-G2882_2026-02-23_01-43-10.310_R_B2.fits	61094.571821	0.649921	0.004712	1.363700	44272.900097	239.871586
14	TN-G2882_2026-02-23_01-43-52.490_R_B2.fits	61094.572309	0.657993	0.004749	1.366878	45015.354200	242.110680
15	TN-G2882_2026-02-23_01-44-39.600_R_B2.fits	61094.572854	0.651026	0.004731	1.370453	44224.260362	239.882974
16	TN-G2882_2026-02-23_01-45-26.588_R_B2.fits	61094.573398	0.644995	0.004684	1.374048	44041.684748	239.500976
17	TN-G2882_2026-02-23_01-46-13.198_R_B2.fits	61094.573937	0.659007	0.004753	1.377642	44990.823873	241.783267
18	TN-G2882_2026-02-23_01-47-00.250_R_B2.fits	61094.574482	0.644043	0.004676	1.381300	44099.620759	239.928679
19	TN-G2882_2026-02-23_01-47-46.740_R_B2.fits	61094.575020	0.650668	0.004759	1.384943	43801.601307	239.356120
20	TN-G2882_2026-02-23_01-48-28.359_R_B2.fits	61094.575502	0.656153	0.004811	1.388227	44054.575183	241.342133
21	TN-G2882_2026-02-23_01-49-11.160_R_B2.fits	61094.575997	0.649482	0.004687	1.391631	44824.510842	242.108223
22	TN-G2882_2026-02-23_01-49-53.469_R_B2.fits	61094.576487	0.644917	0.004776	1.395019	42863.158630	237.551104
23	TN-G2882_2026-02-23_01-50-35.840_R_B2.fits	61094.576977	0.659779	0.004793	1.398437	44595.390091	241.017161
24	TN-G2882_2026-02-23_01-51-22.210_R_B2.fits	61094.577514	0.640021	0.004689	1.402206	43400.854549	238.330009
25	TN-G2882_2026-02-23_01-52-08.509_R_B2.fits	61094.578050	0.653405	0.004799	1.405998	43731.102789	239.495638
26	TN-G2882_2026-02-23_01-52-50.630_R_B2.fits	61094.578537	0.652167	0.004859	1.409475	42847.365516	238.523586
27	TN-G2882_2026-02-23_01-53-37.880_R_B2.fits	61094.579084	0.653131	0.004763	1.413405	44044.187754	239.520839
28	TN-G2882_2026-02-23_01-54-24.350_R_B2.fits	61094.579622	0.658138	0.004848	1.417302	43644.200858	239.185005
29	TN-G2882_2026-02-23_01-55-07.099_R_B2.fits	61094.580117	0.650952	0.004727	1.420914	44432.072941	240.829930
30	TN-G2882_2026-02-23_01-55-53.899_R_B2.fits	61094.580659	0.653518	0.004841	1.424899	43121.172336	238.105803
31	TN-G2882_2026-02-23_01-56-40.630_R_B2.fits	61094.581199	0.653782	0.004851	1.428911	43140.728187	238.437836
32	TN-G2882_2026-02-23_01-57-27.500_R_B2.fits	61094.581742	0.663585	0.004928	1.432966	43503.997836	239.917170
33	TN-G2882_2026-02-23_01-58-09.490_R_B2.fits	61094.582228	0.656937	0.004801	1.436628	44222.843231	240.424302
34	TN-G2882_2026-02-23_01-58-52.109_R_B2.fits	61094.582721	0.655243	0.004915	1.440371	42554.824650	237.586821
35	TN-G2882_2026-02-23_01-59-38.380_R_B2.fits	61094.583257	0.651376	0.004708	1.444468	44826.963721	241.718073
36	TN-G2882_2026-02-23_02-00-24.678_R_B2.fits	61094.583793	0.655122	0.004794	1.448599	44206.914690	240.626753
37	TN-G2882_2026-02-23_02-01-11.108_R_B2.fits	61094.584330	0.666464	0.004934	1.452776	43886.941686	240.546082
38	TN-G2882_2026-02-23_02-01-57.530_R_B2.fits	61094.584867	0.650037	0.004855	1.456985	42732.064413	237.953515
39	TN-G2882_2026-02-23_02-02-39.469_R_B2.fits	61094.585353	0.655350	0.004741	1.460818	44944.944932	242.013839
40	TN-G2882_2026-02-23_02-03-22.149_R_B2.fits	61094.585847	0.650819	0.004746	1.464748	44391.672340	241.126427
41	TN-G2882_2026-02-23_02-04-08.448_R_B2.fits	61094.586382	0.656570	0.004737	1.469043	45219.872400	242.837300
42	TN-G2882_2026-02-23_02-04-55_R_B2.fits	61094.586921	0.657436	0.004837	1.473398	43894.976443	239.921102
43	TN-G2882_2026-02-23_02-05-42.240_R_B2.fits	61094.587468	0.661022	0.004799	1.477854	44988.000884	242.656657
44	TN-G2882_2026-02-23_02-06-29.239_R_B2.fits	61094.588012	0.663071	0.004854	1.482323	44510.309989	241.787132
45	TN-G2882_2026-02-23_02-07-15.589_R_B2.fits	61094.588548	0.659475	0.004759	1.486767	45391.686880	243.823184
46	TN-G2882_2026-02-23_02-07-57.520_R_B2.fits	61094.589034	0.644598	0.004718	1.490819	44000.106825	241.104354
47	TN-G2882_2026-02-23_02-08-40.140_R_B2.fits	61094.589527	0.654357	0.004759	1.494968	44629.148047	241.980773
48	TN-G2882_2026-02-23_02-09-27.160_R_B2.fits	61094.590071	0.653513	0.004777	1.499583	44428.622561	242.404323
49	TN-G2882_2026-02-23_02-10-14.538_R_B2.fits	61094.590620	0.651893	0.004752	1.504271	44730.168332	243.240914
50	TN-G2882_2026-02-23_02-11-00.590_R_B2.fits	61094.591153	0.651926	0.004755	1.508867	44647.619646	243.165807
51	TN-G2882_2026-02-23_02-11-43.990_R_B2.fits	61094.591655	0.651022	0.004797	1.513232	44030.582029	242.827477
52	TN-G2882_2026-02-23_02-12-31.289_R_B2.fits	61094.592202	0.650451	0.004811	1.518028	43501.076016	239.856919
53	TN-G2882_2026-02-23_02-13-13.320_R_B2.fits	61094.592689	0.652077	0.004750	1.522324	44533.313100	241.903922
54	TN-G2882_2026-02-23_02-13-55.420_R_B2.fits	61094.593176	0.661579	0.004997	1.526660	42472.591737	237.863093
55	TN-G2882_2026-02-23_02-14-42.329_R_B2.fits	61094.593719	0.667112	0.004925	1.531530	44000.690218	240.215210
56	TN-G2882_2026-02-23_02-15-28.399_R_B2.fits	61094.594252	0.664891	0.004950	1.536353	43466.732483	239.619477
57	TN-G2882_2026-02-23_02-16-15.580_R_B2.fits	61094.594798	0.660213	0.004907	1.541333	43517.699472	240.158343
58	TN-G2882_2026-02-23_02-17-02.278_R_B2.fits	61094.595339	0.661708	0.004839	1.546305	44549.557392	241.896187
59	TN-G2882_2026-02-23_02-17-45.030_R_B2.fits	61094.595834	0.655373	0.004825	1.550893	43953.537161	240.636649
60	TN-G2882_2026-02-23_02-18-31.280_R_B2.fits	61094.596369	0.656246	0.004816	1.555897	44222.612189	241.231044
61	TN-G2882_2026-02-23_02-19-13.480_R_B2.fits	61094.596857	0.655154	0.004840	1.560500	43878.251749	240.814401
62	TN-G2882_2026-02-23_02-19-55.439_R_B2.fits	61094.597343	0.651751	0.004788	1.565111	44143.755798	241.434333
63	TN-G2882_2026-02-23_02-20-37.469_R_B2.fits	61094.597830	0.653676	0.004787	1.569766	44512.761047	242.497259
64	TN-G2882_2026-02-23_02-21-23.609_R_B2.fits	61094.598364	0.658998	0.004899	1.574918	43707.334802	240.954104
65	TN-G2882_2026-02-23_02-22-10.349_R_B2.fits	61094.598905	0.662023	0.004927	1.580181	43678.479509	240.610169
66	TN-G2882_2026-02-23_02-22-56.710_R_B2.fits	61094.599441	0.650533	0.004811	1.585446	43819.417176	241.019583
67	TN-G2882_2026-02-23_02-23-44.090_R_B2.fits	61094.599989	0.660568	0.004887	1.590873	44156.454731	241.939900
68	TN-G2882_2026-02-23_02-24-26.789_R_B2.fits	61094.600484	0.650053	0.004858	1.595806	43149.764879	240.073802
69	TN-G2882_2026-02-23_02-27-27.018_R_B2.fits	61094.602570	0.649259	0.004873	1.617058	42923.038589	239.925333
70	TN-G2882_2026-02-23_02-28-14.189_R_B2.fits	61094.603116	0.646219	0.004782	1.622740	43826.047285	241.920617
71	TN-G2882_2026-02-23_02-28-56.439_R_B2.fits	61094.603605	0.645520	0.004786	1.627871	43770.913002	241.900460
72	TN-G2882_2026-02-23_02-29-42.890_R_B2.fits	61094.604142	0.637248	0.004774	1.633559	42728.732854	239.599763
73	TN-G2882_2026-02-23_02-30-29.320_R_B2.fits	61094.604680	0.646438	0.004841	1.639295	43227.092771	241.391146
74	TN-G2882_2026-02-23_02-31-15.368_R_B2.fits	61094.605213	0.649375	0.004816	1.645033	43966.107413	242.447396
75	TN-G2882_2026-02-23_02-31-57.450_R_B2.fits	61094.605700	0.650447	0.004882	1.650321	43311.139187	241.809953
76	TN-G2882_2026-02-23_02-32-39.890_R_B2.fits	61094.606191	0.642584	0.004830	1.655698	42950.939068	240.954695
77	TN-G2882_2026-02-23_02-33-26.399_R_B2.fits	61094.606729	0.647924	0.004860	1.661637	43208.323063	241.288585
78	TN-G2882_2026-02-23_02-34-13.009_R_B2.fits	61094.607269	0.641331	0.004813	1.667644	43005.918524	240.768355
79	TN-G2882_2026-02-23_02-34-59.130_R_B2.fits	61094.607802	0.645861	0.004842	1.673641	43221.252828	241.239784
80	TN-G2882_2026-02-23_02-35-45.859_R_B2.fits	61094.608343	0.639528	0.004785	1.679772	43148.244967	241.150355
81	TN-G2882_2026-02-23_02-36-28.449_R_B2.fits	61094.608836	0.638897	0.004888	1.685407	41824.012542	239.024684
82	TN-G2882_2026-02-23_02-37-10.380_R_B2.fits	61094.609322	0.635208	0.004791	1.690999	42617.521725	240.735858
83	TN-G2882_2026-02-23_02-37-56.740_R_B2.fits	61094.609858	0.641021	0.004928	1.697236	41660.049183	238.687138
84	TN-G2882_2026-02-23_02-38-43.640_R_B2.fits	61094.610401	0.644353	0.004938	1.703603	41980.604388	239.367359
85	TN-G2882_2026-02-23_02-39-30.289_R_B2.fits	61094.610941	0.641023	0.004948	1.709993	41598.901671	239.404862
86	TN-G2882_2026-02-23_02-40-17.518_R_B2.fits	61094.611487	0.645877	0.004944	1.716521	42111.809119	239.769947
87	TN-G2882_2026-02-23_02-41-04.320_R_B2.fits	61094.612029	0.635640	0.004899	1.723050	41551.638983	238.967378
88	TN-G2882_2026-02-23_02-41-51.539_R_B2.fits	61094.612576	0.631077	0.004909	1.729699	40769.462759	237.127328
89	TN-G2882_2026-02-23_02-42-34.560_R_B2.fits	61094.613074	0.630227	0.004848	1.735810	41488.496826	238.899839
90	TN-G2882_2026-02-23_02-43-17.980_R_B2.fits	61094.613576	0.642950	0.004969	1.742030	41701.770580	239.507396
91	TN-G2882_2026-02-23_02-44-05.160_R_B2.fits	61094.614122	0.630830	0.004978	1.748850	40218.313016	237.180695
92	TN-G2882_2026-02-23_02-44-47.340_R_B2.fits	61094.614610	0.624914	0.004879	1.754999	40678.617996	238.234735
93	TN-G2882_2026-02-23_02-45-30.018_R_B2.fits	61094.615104	0.626123	0.005057	1.761276	38802.347638	234.398929
94	TN-G2882_2026-02-23_02-46-17.140_R_B2.fits	61094.615650	0.632551	0.004995	1.768268	40292.587269	237.803241
95	TN-G2882_2026-02-23_02-46-59.939_R_B2.fits	61094.616145	0.625348	0.004957	1.774674	39946.753028	237.644707
96	TN-G2882_2026-02-23_02-47-42.939_R_B2.fits	61094.616643	0.619111	0.004917	1.781168	39747.218034	237.178354
97	TN-G2882_2026-02-23_02-48-26.010_R_B2.fits	61094.617141	0.620506	0.004991	1.787727	39005.339974	235.456756
98	TN-G2882_2026-02-23_02-49-12.679_R_B2.fits	61094.617681	0.631526	0.004886	1.794900	41711.923791	241.509926
99	TN-G2882_2026-02-23_02-49-58.920_R_B2.fits	61094.618217	0.632772	0.004963	1.802073	40862.345002	239.372908
100	TN-G2882_2026-02-23_02-50-45.408_R_B2.fits	61094.618755	0.624953	0.004980	1.809353	39756.315896	237.175840
101	TN-G2882_2026-02-23_02-51-27.469_R_B2.fits	61094.619242	0.615966	0.004928	1.815997	39353.969502	236.471511
102	TN-G2882_2026-02-23_02-52-09.419_R_B2.fits	61094.619727	0.627876	0.005017	1.822683	39973.160859	238.773807
103	TN-G2882_2026-02-23_02-52-55.719_R_B2.fits	61094.620263	0.615182	0.004894	1.830128	39846.419758	238.606291
104	TN-G2882_2026-02-23_02-53-42.210_R_B2.fits	61094.620801	0.621293	0.004988	1.837675	39423.934096	237.020263
105	TN-G2882_2026-02-23_02-54-24.329_R_B2.fits	61094.621289	0.624978	0.004989	1.844576	39944.836317	238.313982
106	TN-G2882_2026-02-23_02-55-10.630_R_B2.fits	61094.621824	0.616620	0.005018	1.852230	38568.538704	235.620947
107	TN-G2882_2026-02-23_02-55-57.118_R_B2.fits	61094.622362	0.625612	0.005268	1.859989	37111.427591	233.174749
108	TN-G2882_2026-02-23_02-56-43.560_R_B2.fits	61094.622900	0.623185	0.005063	1.867816	38978.142236	236.701526
109	TN-G2882_2026-02-23_02-57-29.559_R_B2.fits	61094.623432	0.622229	0.005003	1.875643	39616.365018	238.898042
110	TN-G2882_2026-02-23_02-58-15.990_R_B2.fits	61094.623970	0.617549	0.005061	1.883620	38450.127481	236.714979
111	TN-G2882_2026-02-23_02-59-03.520_R_B2.fits	61094.624520	0.609699	0.004982	1.891866	38385.401901	236.176634
112	TN-G2882_2026-02-23_02-59-45.340_R_B2.fits	61094.625004	0.590731	0.005040	1.899190	35635.498437	230.859445
113	TN-G2882_2026-02-23_03-00-27.260_R_B2.fits	61094.625489	0.615033	0.005014	1.906597	38786.662676	237.857650
114	TN-G2882_2026-02-23_03-01-14.368_R_B2.fits	61094.626034	0.606820	0.004862	1.915000	39440.542421	238.352412
115	TN-G2882_2026-02-23_03-01-56.920_R_B2.fits	61094.626527	0.614795	0.004920	1.922663	39704.880350	238.583177
116	TN-G2882_2026-02-23_03-02-43.368_R_B2.fits	61094.627064	0.604955	0.005006	1.931105	37546.847034	234.385370
117	TN-G2882_2026-02-23_03-03-27.969_R_B2.fits	61094.627581	0.613167	0.004928	1.939292	39526.096689	238.520410
118	TN-G2882_2026-02-23_03-04-14.269_R_B2.fits	61094.628117	0.620052	0.004987	1.947874	39822.017033	240.192566
119	TN-G2882_2026-02-23_03-04-56.908_R_B2.fits	61094.628610	0.606444	0.004999	1.955854	37995.955645	235.936591
120	TN-G2882_2026-02-23_03-05-43.149_R_B2.fits	61094.629145	0.616853	0.004967	1.964591	39662.848911	239.611182
121	TN-G2882_2026-02-23_03-06-29.870_R_B2.fits	61094.629686	0.591211	0.005059	1.973508	35766.584177	231.654524
122	TN-G2882_2026-02-23_03-07-16.500_R_B2.fits	61094.630226	0.600534	0.004919	1.982499	38405.560313	237.604044
123	TN-G2882_2026-02-23_03-08-03.108_R_B2.fits	61094.630765	0.616867	0.004957	1.991577	40019.019785	241.016977
124	TN-G2882_2026-02-23_03-08-50.280_R_B2.fits	61094.631311	0.597728	0.004854	2.000858	38970.976532	239.776680
125	TN-G2882_2026-02-23_03-09-32.899_R_B2.fits	61094.631804	0.587375	0.004807	2.009329	38299.096876	238.669534
126	TN-G2882_2026-02-23_03-10-15.778_R_B2.fits	61094.632301	0.609724	0.004956	2.017931	39273.897345	240.032152
127	TN-G2882_2026-02-23_03-11-02.890_R_B2.fits	61094.632846	0.608430	0.004990	2.027477	38758.511788	238.839152
128	TN-G2882_2026-02-23_03-11-49.520_R_B2.fits	61094.633386	0.603797	0.004996	2.037026	38267.635400	238.488642
129	TN-G2882_2026-02-23_03-12-31.149_R_B2.fits	61094.633867	0.616713	0.004983	2.045633	39884.572719	241.319316
130	TN-G2882_2026-02-23_03-13-18.140_R_B2.fits	61094.634411	0.605883	0.004958	2.055447	39085.228889	240.735017
131	TN-G2882_2026-02-23_03-14-05.110_R_B2.fits	61094.634955	0.578550	0.004804	2.065361	37443.072167	236.908386
132	TN-G2882_2026-02-23_03-14-51.679_R_B2.fits	61094.635494	0.592718	0.004910	2.075295	38095.566505	238.766030
133	TN-G2882_2026-02-23_03-15-38.548_R_B2.fits	61094.636036	0.595252	0.004916	2.085396	38410.138313	239.559491
134	TN-G2882_2026-02-23_03-16-20.609_R_B2.fits	61094.636523	0.613684	0.005083	2.094556	38773.149167	240.182456
135	TN-G2882_2026-02-23_03-17-07.349_R_B2.fits	61094.637064	0.601179	0.004964	2.104838	38537.273717	240.004905
136	TN-G2882_2026-02-23_03-17-50.908_R_B2.fits	61094.637568	0.602172	0.004975	2.114519	38553.845681	239.800362
137	TN-G2882_2026-02-23_03-18-38.020_R_B2.fits	61094.638114	0.576908	0.004956	2.125101	35766.793947	234.074886
138	TN-G2882_2026-02-23_03-19-24.768_R_B2.fits	61094.638655	0.578800	0.004909	2.135715	36543.173895	235.832349
139	TN-G2882_2026-02-23_03-20-11.320_R_B2.fits	61094.639194	0.586538	0.004948	2.146400	37009.219537	236.620182
140	TN-G2882_2026-02-23_03-20-54.009_R_B2.fits	61094.639688	0.580509	0.004956	2.156301	36361.371573	235.908891
141	TN-G2882_2026-02-23_03-21-40.270_R_B2.fits	61094.640223	0.572940	0.004910	2.167142	36027.460330	235.720484
142	TN-G2882_2026-02-23_03-22-22.460_R_B2.fits	61094.640711	0.577151	0.005021	2.177130	35455.581012	234.994238
143	TN-G2882_2026-02-23_03-23-04.950_R_B2.fits	61094.641203	0.566314	0.004896	2.187293	35448.662228	234.754010
144	TN-G2882_2026-02-23_03-23-51.329_R_B2.fits	61094.641740	0.574719	0.004974	2.198502	35780.174274	236.040433
145	TN-G2882_2026-02-23_03-24-33.450_R_B2.fits	61094.642227	0.581742	0.005002	2.208790	36165.827300	236.005782
146	TN-G2882_2026-02-23_03-25-15.259_R_B2.fits	61094.642711	0.569888	0.004911	2.219106	35689.066230	234.988427
147	TN-G2882_2026-02-23_03-26-01.500_R_B2.fits	61094.643247	0.577792	0.004946	2.230634	36316.214661	236.383543
148	TN-G2882_2026-02-23_03-26-43.548_R_B2.fits	61094.643733	0.570317	0.004921	2.241230	35789.574269	236.166982
149	TN-G2882_2026-02-23_03-27-25.989_R_B2.fits	61094.644224	0.565502	0.004954	2.252035	35099.551966	235.915688
150	TN-G2882_2026-02-23_03-28-13.300_R_B2.fits	61094.644772	0.583655	0.005250	2.264212	34270.263463	233.878215
151	TN-G2882_2026-02-23_03-28-56.810_R_B2.fits	61094.645276	0.562229	0.004926	2.275534	34939.646886	234.732094
152	TN-G2882_2026-02-23_03-29-44.070_R_B2.fits	61094.645823	0.570115	0.004979	2.287970	35378.321879	236.099006
153	TN-G2882_2026-02-23_03-30-30.489_R_B2.fits	61094.646360	0.573001	0.004989	2.300325	35535.201958	235.548127
154	TN-G2882_2026-02-23_03-31-17.289_R_B2.fits	61094.646901	0.561008	0.004920	2.312927	34926.571350	234.731118
155	TN-G2882_2026-02-23_03-32-03.870_R_B2.fits	61094.647441	0.572255	0.005055	2.325616	35118.580295	236.288419
156	TN-G2882_2026-02-23_03-32-50.990_R_B2.fits	61094.647986	0.556610	0.005054	2.338601	33276.742909	231.797733
157	TN-G2882_2026-02-23_03-33-37.618_R_B2.fits	61094.648526	0.545021	0.005021	2.351602	32470.656740	230.905713
158	TN-G2882_2026-02-23_03-34-20.300_R_B2.fits	61094.649020	0.531734	0.004912	2.363640	32020.837145	229.986302
159	TN-G2882_2026-02-23_03-35-06.910_R_B2.fits	61094.649559	0.556964	0.005041	2.376933	33724.435908	234.490023
160	TN-G2882_2026-02-23_03-35-53.579_R_B2.fits	61094.650099	0.558417	0.004997	2.390402	34261.900772	234.954705
161	TN-G2882_2026-02-23_03-36-40.350_R_B2.fits	61094.650641	0.537358	0.004826	2.404062	33561.077134	233.566878
162	TN-G2882_2026-02-23_03-37-27.170_R_B2.fits	61094.651183	0.542597	0.004869	2.417901	33772.591445	234.320476
163	TN-G2882_2026-02-23_03-38-13.519_R_B2.fits	61094.651719	0.541719	0.005001	2.431767	32572.961853	232.080185
164	TN-G2882_2026-02-23_03-38-56.960_R_B2.fits	61094.652222	0.547952	0.005172	2.444912	31800.640348	230.931244
165	TN-G2882_2026-02-23_03-39-43.450_R_B2.fits	61094.652760	0.541828	0.005160	2.459147	31318.451948	230.159402
166	TN-G2882_2026-02-23_03-40-27.010_R_B2.fits	61094.653264	0.544998	0.005106	2.472645	32081.826120	231.439120
167	TN-G2882_2026-02-23_03-41-09.380_R_B2.fits	61094.653754	0.523308	0.005178	2.485919	29415.971276	226.854448
168	TN-G2882_2026-02-23_03-41-56.490_R_B2.fits	61094.654300	0.526110	0.004906	2.500857	31915.381989	231.517154
169	TN-G2882_2026-02-23_03-42-40.009_R_B2.fits	61094.654803	0.538005	0.005039	2.514824	32110.434568	232.052340
170	TN-G2882_2026-02-23_03-43-26.219_R_B2.fits	61094.655338	0.532982	0.004959	2.529830	32309.173224	233.020965
171	TN-G2882_2026-02-23_03-44-09.960_R_B2.fits	61094.655844	0.533583	0.004978	2.544206	32350.604184	234.168521
172	TN-G2882_2026-02-23_03-44-57.219_R_B2.fits	61094.656391	0.516758	0.004883	2.559932	31340.007100	231.489123
173	TN-G2882_2026-02-23_03-45-39.908_R_B2.fits	61094.656886	0.528081	0.005087	2.574308	30882.074580	230.859133
174	TN-G2882_2026-02-23_03-46-27.149_R_B2.fits	61094.657432	0.535458	0.005062	2.590414	31849.391047	233.065625
175	TN-G2882_2026-02-23_03-47-13.519_R_B2.fits	61094.657969	0.519383	0.005016	2.606427	30692.887203	231.285056
176	TN-G2882_2026-02-23_03-48-00.180_R_B2.fits	61094.658509	0.516721	0.005100	2.622747	29733.414299	229.457100
177	TN-G2882_2026-02-23_03-48-42.478_R_B2.fits	61094.658999	0.523395	0.005231	2.637725	29449.221783	228.899702
178	TN-G2882_2026-02-23_03-49-29.280_R_B2.fits	61094.659540	0.517192	0.005055	2.654503	30368.369001	232.079151
179	TN-G2882_2026-02-23_03-50-11.339_R_B2.fits	61094.660027	0.516046	0.004928	2.669768	31165.243845	232.559918
180	TN-G2882_2026-02-23_03-50-58.280_R_B2.fits	61094.660570	0.521323	0.004995	2.687020	31231.155760	233.066199
181	TN-G2882_2026-02-23_03-51-40.490_R_B2.fits	61094.661059	0.515247	0.005084	2.702729	30106.749030	232.281935
182	TN-G2882_2026-02-23_03-52-23_R_B2.fits	61094.661551	0.519608	0.005041	2.718742	30916.336115	233.917737
183	TN-G2882_2026-02-23_03-53-10.240_R_B2.fits	61094.662098	0.517897	0.005063	2.736765	30734.865141	234.755268
184	TN-G2882_2026-02-23_03-53-57.478_R_B2.fits	61094.662644	0.521573	0.005157	2.755028	30196.638271	232.535283
185	TN-G2882_2026-02-23_03-54-44.158_R_B2.fits	61094.663185	0.513053	0.005052	2.773324	30172.441824	232.370351
186	TN-G2882_2026-02-23_03-55-31.289_R_B2.fits	61094.663730	0.520703	0.005083	2.792050	30907.660460	235.212853
187	TN-G2882_2026-02-23_03-56-14.150_R_B2.fits	61094.664226	0.508150	0.005050	2.809304	29918.212922	233.019610
188	TN-G2882_2026-02-23_03-57-01.199_R_B2.fits	61094.664771	0.515590	0.005264	2.828496	28981.186288	230.492421
189	TN-G2882_2026-02-23_03-57-47.579_R_B2.fits	61094.665308	0.498681	0.005146	2.847674	28385.708216	230.770596
190	TN-G2882_2026-02-23_03-58-34.320_R_B2.fits	61094.665849	0.512110	0.004989	2.867271	31061.457969	236.802071
191	TN-G2882_2026-02-23_03-59-16.879_R_B2.fits	61094.666341	0.499895	0.005154	2.885355	28620.266745	231.814763
