#	Label	J.D.-2400000	rel_flux_T1	rel_flux_err_T1	AIRMASS	Source-Sky_T1	Source_Error_T1
1	TN-G2882_2026-02-22_20-58-55.630_R_B2.fits	61094.374429	0.310935	0.004168	1.044515	14116.115974	165.911521
2	TN-G2882_2026-02-22_20-59-42.490_R_B2.fits	61094.374971	0.310803	0.004114	1.043632	14357.859539	166.792021
3	TN-G2882_2026-02-22_21-00-24.489_R_B2.fits	61094.375457	0.315475	0.004192	1.042848	14384.613198	167.493080
4	TN-G2882_2026-02-22_21-01-07.040_R_B2.fits	61094.375950	0.318270	0.004180	1.042062	14606.135762	167.615204
5	TN-G2882_2026-02-22_21-01-50.009_R_B2.fits	61094.376447	0.322194	0.004113	1.041277	15146.787151	168.512387
6	TN-G2882_2026-02-22_21-02-32.070_R_B2.fits	61094.376934	0.310905	0.004114	1.040515	14340.570499	166.380542
7	TN-G2882_2026-02-22_21-03-15_R_B2.fits	61094.377431	0.323807	0.004237	1.039747	14658.838957	166.991877
8	TN-G2882_2026-02-22_21-04-48.289_R_B2.fits	61094.378510	0.323055	0.004177	1.038104	14909.066829	167.921292
9	TN-G2882_2026-02-22_21-05-35.359_R_B2.fits	61094.379055	0.316099	0.004132	1.037290	14594.396184	166.829099
10	TN-G2882_2026-02-22_21-06-22.170_R_B2.fits	61094.379597	0.322395	0.004152	1.036490	14913.215124	167.307220
11	TN-G2882_2026-02-22_21-08-38.250_R_B2.fits	61094.381172	0.320383	0.004180	1.034218	14650.144719	166.787512
12	TN-G2882_2026-02-22_21-09-24.160_R_B2.fits	61094.381703	0.321988	0.004141	1.033470	14864.389837	166.425585
13	TN-G2882_2026-02-22_21-10-11.150_R_B2.fits	61094.382247	0.332422	0.004166	1.032714	15513.061734	168.299866
14	TN-G2882_2026-02-22_21-10-57.359_R_B2.fits	61094.382782	0.325777	0.004202	1.031979	14831.746240	166.367350
15	TN-G2882_2026-02-22_21-11-44.329_R_B2.fits	61094.383326	0.330292	0.004273	1.031242	14860.554543	166.845735
16	TN-G2882_2026-02-22_21-12-31.219_R_B2.fits	61094.383868	0.334775	0.004275	1.030515	15169.444574	167.624394
17	TN-G2882_2026-02-22_21-13-13.589_R_B2.fits	61094.384359	0.331331	0.004241	1.029866	15038.593327	166.869838
18	TN-G2882_2026-02-22_21-14-00.080_R_B2.fits	61094.384897	0.326481	0.004146	1.029163	15174.763762	167.485826
19	TN-G2882_2026-02-22_21-14-42.340_R_B2.fits	61094.385386	0.331644	0.004260	1.028532	15033.614092	167.423177
20	TN-G2882_2026-02-22_21-15-29.109_R_B2.fits	61094.385927	0.327470	0.004189	1.027843	15040.537223	167.047871
21	TN-G2882_2026-02-22_21-16-16.100_R_B2.fits	61094.386471	0.325857	0.004216	1.027159	14720.144040	165.490595
22	TN-G2882_2026-02-22_21-16-58.429_R_B2.fits	61094.386961	0.326074	0.004143	1.026551	15075.168007	166.465653
23	TN-G2882_2026-02-22_21-17-44.990_R_B2.fits	61094.387500	0.324032	0.004112	1.025891	15110.470386	166.752467
24	TN-G2882_2026-02-22_21-18-32.100_R_B2.fits	61094.388045	0.322845	0.004180	1.025233	14759.078296	166.540791
25	TN-G2882_2026-02-22_21-19-18.649_R_B2.fits	61094.388584	0.327294	0.004200	1.024592	14925.499775	166.382602
26	TN-G2882_2026-02-22_21-20-04.950_R_B2.fits	61094.389120	0.336903	0.004194	1.023962	15667.782319	168.374657
27	TN-G2882_2026-02-22_21-20-51.719_R_B2.fits	61094.389661	0.338087	0.004189	1.023336	15704.018324	167.869910
28	TN-G2882_2026-02-22_21-21-34.950_R_B2.fits	61094.390161	0.329304	0.004082	1.022765	15605.277069	167.889561
29	TN-G2882_2026-02-22_21-22-21.059_R_B2.fits	61094.390695	0.326781	0.004131	1.022164	15306.932364	168.538580
30	TN-G2882_2026-02-22_21-23-03.379_R_B2.fits	61094.391185	0.332017	0.004134	1.021620	15521.995284	167.302147
31	TN-G2882_2026-02-22_21-23-50.170_R_B2.fits	61094.391727	0.332863	0.004107	1.021028	15797.032612	168.917688
32	TN-G2882_2026-02-22_21-24-37.060_R_B2.fits	61094.392269	0.323921	0.004038	1.020443	15478.009437	167.987130
33	TN-G2882_2026-02-22_21-25-24.120_R_B2.fits	61094.392814	0.337347	0.004179	1.019865	15715.472672	168.177690
34	TN-G2882_2026-02-22_21-26-06.610_R_B2.fits	61094.393306	0.340757	0.004163	1.019351	16001.926779	168.580824
35	TN-G2882_2026-02-22_21-26-49.310_R_B2.fits	61094.393800	0.336076	0.004098	1.018842	16017.187977	168.963356
36	TN-G2882_2026-02-22_21-27-31.469_R_B2.fits	61094.394288	0.334729	0.004140	1.018347	15677.426276	167.723017
37	TN-G2882_2026-02-22_21-28-14.900_R_B2.fits	61094.394791	0.340474	0.004194	1.017844	15867.645971	168.559690
38	TN-G2882_2026-02-22_21-28-57.929_R_B2.fits	61094.395289	0.333323	0.004113	1.017353	15714.493895	167.886742
39	TN-G2882_2026-02-22_21-29-44.429_R_B2.fits	61094.395827	0.337691	0.004177	1.016831	15705.602662	167.742215
40	TN-G2882_2026-02-22_21-30-31.199_R_B2.fits	61094.396368	0.336547	0.004138	1.016315	15786.851019	167.664613
41	TN-G2882_2026-02-22_21-31-18.129_R_B2.fits	61094.396911	0.341316	0.004153	1.015806	16161.048566	169.653033
42	TN-G2882_2026-02-22_21-32-00.420_R_B2.fits	61094.397401	0.342275	0.004160	1.015354	16153.825405	169.098922
43	TN-G2882_2026-02-22_21-32-47.520_R_B2.fits	61094.397946	0.342167	0.004161	1.014860	16201.392326	169.921535
44	TN-G2882_2026-02-22_21-33-33.380_R_B2.fits	61094.398477	0.338982	0.004145	1.014387	16009.082361	168.891468
45	TN-G2882_2026-02-22_21-34-19.370_R_B2.fits	61094.399009	0.341113	0.004221	1.013922	16092.311286	171.634140
46	TN-G2882_2026-02-22_21-35-05.610_R_B2.fits	61094.399544	0.344077	0.004201	1.013462	16382.086998	172.158051
47	TN-G2882_2026-02-22_21-35-48.509_R_B2.fits	61094.400041	0.334810	0.004152	1.013043	15927.009540	170.792404
48	TN-G2882_2026-02-22_21-36-31.969_R_B2.fits	61094.400544	0.337444	0.004157	1.012626	16096.131401	171.383063
49	TN-G2882_2026-02-22_21-37-18.390_R_B2.fits	61094.401081	0.343933	0.004191	1.012189	16420.574726	172.198611
50	TN-G2882_2026-02-22_21-38-04.490_R_B2.fits	61094.401614	0.343104	0.004231	1.011763	16228.669886	172.198563
51	TN-G2882_2026-02-22_21-38-51.250_R_B2.fits	61094.402156	0.343785	0.004193	1.011340	16547.541448	173.993746
52	TN-G2882_2026-02-22_21-39-36.990_R_B2.fits	61094.402685	0.349109	0.004260	1.010934	16563.944283	173.557952
53	TN-G2882_2026-02-22_21-40-23.120_R_B2.fits	61094.403219	0.352718	0.004336	1.010533	16474.621905	173.626726
54	TN-G2882_2026-02-22_21-41-05.490_R_B2.fits	61094.403709	0.341781	0.004185	1.010172	16385.142938	173.001099
55	TN-G2882_2026-02-22_21-41-51.590_R_B2.fits	61094.404243	0.337842	0.004305	1.009787	15506.161180	170.729195
56	TN-G2882_2026-02-22_21-42-34.920_R_B2.fits	61094.404744	0.346319	0.004275	1.009433	16352.379199	173.685338
57	TN-G2882_2026-02-22_21-43-21.359_R_B2.fits	61094.405282	0.344152	0.004276	1.009062	16171.784884	173.126835
58	TN-G2882_2026-02-22_21-44-09.538_R_B2.fits	61094.405840	0.340338	0.004154	1.008685	16470.912223	173.367967
59	TN-G2882_2026-02-22_21-44-59.189_R_B2.fits	61094.406414	0.341444	0.004184	1.008307	16342.146613	172.568130
60	TN-G2882_2026-02-22_21-45-55.200_R_B2.fits	61094.407062	0.342108	0.004184	1.007891	16442.210281	173.287615
61	TN-G2882_2026-02-22_21-47-04.929_R_B2.fits	61094.407870	0.342861	0.004151	1.007390	16661.379314	173.756713
