#	Label	J.D.-2400000	rel_flux_T1	rel_flux_err_T1
1	K01E00C-S001-R001-C001-R_out.fits	61101.657971	0.282673	0.010274
2	K01E00C-S001-R001-C002-R_out.fits	61101.658447	0.287690	0.010401
3	K01E00C-S001-R001-C003-R_out.fits	61101.658930	0.299098	0.010838
4	K01E00C-S001-R001-C004-R_out.fits	61101.659409	0.292461	0.010454
5	K01E00C-S001-R001-C005-R_out.fits	61101.659908	0.270790	0.010053
6	K01E00C-S001-R001-C006-R_out.fits	61101.660384	0.278855	0.010356
7	K01E00C-S001-R001-C007-R_out.fits	61101.660864	0.283122	0.010157
8	K01E00C-S001-R001-C009-R_out.fits	61101.661825	0.282197	0.009956
9	K01E00C-S001-R001-C010-R_out.fits	61101.662325	0.287672	0.010085
10	K01E00C-S001-R001-C011-R_out.fits	61101.662813	0.272673	0.009898
11	K01E00C-S001-R001-C012-R_out.fits	61101.663311	0.292664	0.010257
12	K01E00C-S001-R001-C013-R_out.fits	61101.663810	0.294369	0.010195
13	K01E00C-S001-R001-C014-R_out.fits	61101.664287	0.287914	0.010056
14	K01E00C-S001-R001-C015-R_out.fits	61101.664792	0.264660	0.009591
15	K01E00C-S001-R001-C016-R_out.fits	61101.665270	0.277558	0.009921
16	K01E00C-S001-R001-C017-R_out.fits	61101.665748	0.268059	0.009717
17	K01E00C-S001-R001-C018-R_out.fits	61101.666255	0.290683	0.010035
18	K01E00C-S001-R001-C019-R_out.fits	61101.666734	0.297034	0.010228
19	K01E00C-S001-R001-C020-R_out.fits	61101.667212	0.282923	0.009986
20	K01E00C-S001-R001-C021-R_out.fits	61101.667717	0.275712	0.009956
21	K01E00C-S001-R001-C022-R_out.fits	61101.668216	0.284301	0.010059
22	K01E00C-S001-R001-C023-R_out.fits	61101.668693	0.277646	0.009964
23	K01E00C-S001-R001-C024-R_out.fits	61101.669170	0.287993	0.010050
24	K01E00C-S001-R001-C025-R_out.fits	61101.669671	0.292392	0.010084
25	K01E00C-S001-R001-C026-R_out.fits	61101.670170	0.274991	0.009958
26	K01E00C-S001-R001-C033-R_out.fits	61101.673581	0.283880	0.009932
27	K01E00C-S001-R001-C034-R_out.fits	61101.674080	0.282719	0.009904
28	K01E00C-S001-R001-C035-R_out.fits	61101.674587	0.277044	0.010002
29	K01E00C-S001-R001-C036-R_out.fits	61101.675086	0.293284	0.010122
30	K01E00C-S001-R001-C037-R_out.fits	61101.675562	0.276293	0.009757
31	K01E00C-S001-R001-C038-R_out.fits	61101.676061	0.285269	0.009822
32	K01E00C-S001-R001-C039-R_out.fits	61101.676561	0.274097	0.009643
33	K01E00C-S001-R001-C040-R_out.fits	61101.677060	0.284943	0.010026
34	K01E00C-S001-R001-C041-R_out.fits	61101.677558	0.275416	0.010051
35	K01E00C-S001-R001-C042-R_out.fits	61101.678062	0.277785	0.009840
36	K01E00C-S001-R001-C043-R_out.fits	61101.678541	0.283204	0.009988
37	K01E00C-S001-R001-C044-R_out.fits	61101.679041	0.264506	0.009660
38	K01E00C-S001-R001-C045-R_out.fits	61101.679538	0.254938	0.009311
39	K01E00C-S001-R001-C046-R_out.fits	61101.680037	0.269733	0.009720
40	K01E00C-S001-R001-C047-R_out.fits	61101.680535	0.271875	0.009624
41	K01E00C-S001-R001-C048-R_out.fits	61101.681033	0.275957	0.009756
42	K01E00C-S001-R001-C054-R_out.fits	61101.683970	0.251725	0.009762
43	K01E00C-S001-R001-C055-R_out.fits	61101.684469	0.259830	0.009435
44	K01E00C-S001-R001-C056-R_out.fits	61101.684951	0.243608	0.009529
45	K01E00C-S001-R001-C057-R_out.fits	61101.685449	0.263584	0.009661
46	K01E00C-S001-R001-C058-R_out.fits	61101.685948	0.262786	0.009319
47	K01E00C-S001-R001-C059-R_out.fits	61101.686455	0.260438	0.009457
48	K01E00C-S001-R001-C060-R_out.fits	61101.686932	0.249579	0.009366
49	K01E00C-S001-R001-C061-R_out.fits	61101.687430	0.257193	0.009442
50	K01E00C-S001-R001-C062-R_out.fits	61101.687929	0.263151	0.009778
51	K01E00C-S001-R001-C063-R_out.fits	61101.688408	0.269347	0.009594
52	K01E00C-S001-R001-C064-R_out.fits	61101.688887	0.266847	0.009544
53	K01E00C-S001-R001-C065-R_out.fits	61101.689386	0.259940	0.009485
54	K01E00C-S001-R001-C066-R_out.fits	61101.689894	0.266862	0.009405
55	K01E00C-S001-R001-C067-R_out.fits	61101.690372	0.272946	0.009579
56	K01E00C-S001-R001-C068-R_out.fits	61101.690870	0.265707	0.009389
57	K01E00C-S001-R001-C069-R_out.fits	61101.691371	0.272912	0.009660
58	K01E00C-S001-R001-C070-R_out.fits	61101.691849	0.267879	0.009617
59	K01E00C-S001-R001-C071-R_out.fits	61101.692328	0.260928	0.009509
60	K01E00C-S001-R001-C072-R_out.fits	61101.692826	0.260552	0.009473
61	K01E00C-S001-R001-C073-R_out.fits	61101.693334	0.257902	0.009446
62	K01E00C-S001-R001-C074-R_out.fits	61101.693835	0.283633	0.009807
63	K01E00C-S001-R001-C075-R_out.fits	61101.694334	0.249914	0.009387
64	K01E00C-S001-R001-C076-R_out.fits	61101.694846	0.260610	0.009465
65	K01E00C-S001-R001-C077-R_out.fits	61101.695325	0.280256	0.009498
66	K01E00C-S001-R001-C078-R_out.fits	61101.695824	0.289620	0.009673
67	K01E00C-S001-R001-C079-R_out.fits	61101.696322	0.280236	0.009797
68	K01E00C-S001-R001-C080-R_out.fits	61101.696843	0.276541	0.009784
69	K01E00C-S001-R001-C081-R_out.fits	61101.697345	0.284476	0.009633
70	K01E00C-S001-R001-C082-R_out.fits	61101.697824	0.281634	0.009613
71	K01E00C-S001-R001-C083-R_out.fits	61101.698303	0.275032	0.009585
72	K01E00C-S001-R001-C084-R_out.fits	61101.698781	0.275697	0.009588
73	K01E00C-S001-R001-C085-R_out.fits	61101.699280	0.287989	0.009595
74	K01E00C-S001-R001-C086-R_out.fits	61101.699778	0.285505	0.009697
75	K01E00C-S001-R001-C087-R_out.fits	61101.700288	0.294890	0.009751
76	K01E00C-S001-R001-C088-R_out.fits	61101.700789	0.284922	0.009852
77	K01E00C-S001-R001-C089-R_out.fits	61101.701287	0.283037	0.009592
78	K01E00C-S001-R001-C090-R_out.fits	61101.701767	0.288721	0.009832
79	K01E00C-S001-R001-C091-R_out.fits	61101.702244	0.293762	0.009765
80	K01E00C-S001-R001-C092-R_out.fits	61101.702743	0.300590	0.009895
81	K01E00C-S001-R001-C093-R_out.fits	61101.703241	0.281904	0.009688
82	K01E00C-S001-R001-C094-R_out.fits	61101.703749	0.285251	0.009679
83	K01E00C-S001-R001-C095-R_out.fits	61101.704226	0.265122	0.009392
84	K01E00C-S001-R001-C096-R_out.fits	61101.704712	0.278183	0.009640
85	K01E00C-S001-R001-C097-R_out.fits	61101.705214	0.288283	0.009423
86	K01E00C-S001-R001-C098-R_out.fits	61101.705693	0.296573	0.009850
87	K01E00C-S001-R001-C099-R_out.fits	61101.706192	0.292950	0.010147
88	K01E00C-S001-R001-C100-R_out.fits	61101.706692	0.290073	0.009897
89	K01E00C-S001-R001-C101-R_out.fits	61101.707174	0.285674	0.009801
90	K01E00C-S001-R001-C102-R_out.fits	61101.707672	0.286896	0.009653
91	K01E00C-S001-R001-C103-R_out.fits	61101.708150	0.279763	0.009399
92	K01E00C-S001-R001-C104-R_out.fits	61101.708638	0.284737	0.009307
93	K01E00C-S001-R001-C105-R_out.fits	61101.709116	0.274977	0.009553
94	K01E00C-S001-R001-C106-R_out.fits	61101.709617	0.295346	0.009732
95	K01E00C-S001-R001-C107-R_out.fits	61101.710094	0.294708	0.009768
96	K01E00C-S001-R001-C108-R_out.fits	61101.710594	0.280865	0.009822
97	K01E00C-S001-R001-C112-R_out.fits	61101.712600	0.279893	0.009609
98	K01E00C-S001-R001-C113-R_out.fits	61101.713099	0.284958	0.009474
99	K01E00C-S001-R001-C114-R_out.fits	61101.713576	0.291145	0.009552
100	K01E00C-S001-R001-C115-R_out.fits	61101.714086	0.270083	0.009303
101	K01E00C-S001-R001-C116-R_out.fits	61101.714596	0.305053	0.009945
102	K01E00C-S001-R001-C117-R_out.fits	61101.715094	0.317354	0.009750
103	K01E00C-S001-R001-C118-R_out.fits	61101.715602	0.300178	0.009558
104	K01E00C-S001-R001-C119-R_out.fits	61101.716113	0.304256	0.009838
105	K01E00C-S001-R001-C120-R_out.fits	61101.716613	0.292390	0.009807
106	K01E00C-S001-R001-C121-R_out.fits	61101.717112	0.289781	0.009831
107	K01E00C-S001-R001-C122-R_out.fits	61101.717591	0.295129	0.009721
108	K01E00C-S001-R001-C123-R_out.fits	61101.718090	0.290685	0.009654
109	K01E00C-S001-R001-C124-R_out.fits	61101.718567	0.301488	0.009920
110	K01E00C-S001-R001-C125-R_out.fits	61101.719075	0.291921	0.009750
111	K01E00C-S001-R001-C126-R_out.fits	61101.719555	0.314929	0.009961
112	K01E00C-S001-R001-C127-R_out.fits	61101.720055	0.286462	0.009574
113	K01E00C-S001-R001-C128-R_out.fits	61101.720556	0.288881	0.009626
114	K01E00C-S001-R001-C129-R_out.fits	61101.721033	0.297125	0.009700
115	K01E00C-S001-R001-C130-R_out.fits	61101.721532	0.293756	0.009779
116	K01E00C-S001-R001-C131-R_out.fits	61101.722042	0.316504	0.009929
117	K01E00C-S001-R001-C132-R_out.fits	61101.722550	0.284721	0.009560
118	K01E00C-S001-R001-C133-R_out.fits	61101.723029	0.301973	0.009722
119	K01E00C-S001-R001-C134-R_out.fits	61101.723530	0.282637	0.009486
120	K01E00C-S001-R001-C135-R_out.fits	61101.724007	0.281914	0.009389
121	K01E00C-S001-R001-C136-R_out.fits	61101.724484	0.285256	0.009337
122	K01E00C-S001-R001-C137-R_out.fits	61101.724983	0.295412	0.009659
123	K01E00C-S001-R001-C138-R_out.fits	61101.725468	0.290902	0.009714
124	K01E00C-S001-R001-C139-R_out.fits	61101.725980	0.290264	0.009480
125	K01E00C-S001-R001-C140-R_out.fits	61101.726457	0.281191	0.009383
126	K01E00C-S001-R001-C141-R_out.fits	61101.726936	0.300184	0.009606
127	K01E00C-S001-R001-C142-R_out.fits	61101.727415	0.287648	0.009569
128	K01E00C-S001-R001-C143-R_out.fits	61101.727893	0.280579	0.009348
129	K01E00C-S001-R001-C144-R_out.fits	61101.728371	0.283093	0.009522
130	K01E00C-S001-R001-C145-R_out.fits	61101.728854	0.287527	0.009439
131	K01E00C-S001-R001-C146-R_out.fits	61101.729334	0.283830	0.009638
132	K01E00C-S001-R001-C147-R_out.fits	61101.729814	0.291326	0.009764
133	K01E00C-S001-R001-C148-R_out.fits	61101.730315	0.290795	0.009485
134	K01E00C-S001-R001-C149-R_out.fits	61101.730816	0.283666	0.009612
135	K01E00C-S001-R001-C150-R_out.fits	61101.731314	0.297980	0.010130
136	K01E00C-S001-R001-C151-R_out.fits	61101.731791	0.297541	0.009801
137	K01E00C-S001-R001-C152-R_out.fits	61101.732269	0.273223	0.009415
138	K01E00C-S001-R001-C153-R_out.fits	61101.732746	0.297980	0.009634
139	K01E00C-S001-R001-C154-R_out.fits	61101.733244	0.280996	0.009283
140	K01E00C-S001-R001-C155-R_out.fits	61101.733721	0.278117	0.009555
141	K01E00C-S001-R001-C156-R_out.fits	61101.734201	0.279180	0.009646
142	K01E00C-S001-R001-C157-R_out.fits	61101.734699	0.284175	0.009479
143	K01E00C-S001-R001-C158-R_out.fits	61101.735177	0.286584	0.009783
144	K01E00C-S001-R001-C159-R_out.fits	61101.735685	0.268251	0.009527
145	K01E00C-S001-R001-C160-R_out.fits	61101.736185	0.280532	0.009602
146	K01E00C-S001-R001-C161-R_out.fits	61101.736665	0.265226	0.009410
147	K01E00C-S001-R001-C162-R_out.fits	61101.737144	0.280202	0.009789
148	K01E00C-S001-R001-C163-R_out.fits	61101.737644	0.299305	0.009728
149	K01E00C-S001-R001-C164-R_out.fits	61101.738120	0.266252	0.009354
150	K01E00C-S001-R001-C165-R_out.fits	61101.738597	0.278908	0.009368
151	K01E00C-S001-R001-C166-R_out.fits	61101.739078	0.293140	0.009718
152	K01E00C-S001-R001-C167-R_out.fits	61101.739567	0.296144	0.009753
153	K01E00C-S001-R001-C168-R_out.fits	61101.740045	0.268658	0.009376
154	K01E00C-S001-R001-C169-R_out.fits	61101.740558	0.289628	0.009722
155	K01E00C-S001-R001-C170-R_out.fits	61101.741035	0.295180	0.009525
156	K01E00C-S001-R001-C171-R_out.fits	61101.741516	0.283049	0.009567
157	K01E00C-S001-R001-C172-R_out.fits	61101.741994	0.297778	0.009520
158	K01E00C-S001-R001-C173-R_out.fits	61101.742473	0.302977	0.009553
159	K01E00C-S001-R001-C174-R_out.fits	61101.742951	0.284747	0.009562
160	K01E00C-S001-R001-C175-R_out.fits	61101.743428	0.278075	0.009444
161	K01E00C-S001-R001-C176-R_out.fits	61101.743912	0.281765	0.009438
162	K01E00C-S001-R001-C177-R_out.fits	61101.744390	0.274732	0.009115
163	K01E00C-S001-R001-C178-R_out.fits	61101.744867	0.294608	0.009654
164	K01E00C-S001-R001-C179-R_out.fits	61101.745366	0.272353	0.009433
165	K01E00C-S001-R001-C180-R_out.fits	61101.745866	0.286201	0.009311
166	K01E00C-S001-R001-C181-R_out.fits	61101.746344	0.276387	0.009395
167	K01E00C-S001-R001-C182-R_out.fits	61101.746853	0.284798	0.009375
168	K01E00C-S001-R001-C183-R_out.fits	61101.747331	0.282357	0.009363
169	K01E00C-S001-R001-C184-R_out.fits	61101.747808	0.280558	0.009293
170	K01E00C-S001-R001-C185-R_out.fits	61101.748307	0.284399	0.009587
171	K01E00C-S001-R001-C186-R_out.fits	61101.748786	0.287358	0.009583
172	K01E00C-S001-R001-C187-R_out.fits	61101.749263	0.302963	0.009873
173	K01E00C-S001-R001-C188-R_out.fits	61101.749761	0.282326	0.009628
174	K01E00C-S001-R001-C189-R_out.fits	61101.750270	0.276563	0.009614
175	K01E00C-S001-R001-C190-R_out.fits	61101.750768	0.293351	0.009603
176	K01E00C-S001-R001-C191-R_out.fits	61101.751267	0.297040	0.009743
177	K01E00C-S001-R001-C192-R_out.fits	61101.751744	0.285849	0.009686
178	K01E00C-S001-R001-C193-R_out.fits	61101.752243	0.298194	0.009735
179	K01E00C-S001-R001-C194-R_out.fits	61101.752720	0.278062	0.009886
180	K01E00C-S001-R001-C195-R_out.fits	61101.753219	0.316658	0.009961
181	K01E00C-S001-R001-C196-R_out.fits	61101.753700	0.279539	0.009517
182	K01E00C-S001-R001-C197-R_out.fits	61101.754199	0.303359	0.009733
183	K01E00C-S001-R001-C198-R_out.fits	61101.754697	0.296838	0.009874
184	K01E00C-S001-R001-C206-R_out.fits	61101.758642	0.274100	0.009355
185	K01E00C-S001-R001-C207-R_out.fits	61101.759119	0.295484	0.009681
186	K01E00C-S001-R001-C208-R_out.fits	61101.759618	0.302267	0.009832
187	K01E00C-S001-R001-C209-R_out.fits	61101.760128	0.287213	0.009420
188	K01E00C-S001-R001-C210-R_out.fits	61101.760609	0.311715	0.009933
189	K01E00C-S001-R001-C211-R_out.fits	61101.761087	0.293213	0.009662
190	K01E00C-S001-R001-C212-R_out.fits	61101.761585	0.299870	0.009700
191	K01E00C-S001-R001-C213-R_out.fits	61101.762095	0.275837	0.009341
192	K01E00C-S001-R001-C214-R_out.fits	61101.762605	0.302874	0.009794
193	K01E00C-S001-R001-C215-R_out.fits	61101.763103	0.280091	0.009584
194	K01E00C-S001-R001-C216-R_out.fits	61101.763583	0.298033	0.009749
195	K01E00C-S001-R001-C217-R_out.fits	61101.764061	0.296570	0.009888
196	K01E00C-S001-R001-C218-R_out.fits	61101.764559	0.304810	0.009903
197	K01E00C-S001-R001-C219-R_out.fits	61101.765057	0.296502	0.009831
198	K01E00C-S001-R001-C220-R_out.fits	61101.765569	0.304680	0.009710
199	K01E00C-S001-R001-C221-R_out.fits	61101.766047	0.296956	0.009884
200	K01E00C-S001-R001-C222-R_out.fits	61101.766545	0.295655	0.009733
201	K01E00C-S001-R001-C223-R_out.fits	61101.767027	0.305525	0.009861
202	K01E00C-S001-R001-C224-R_out.fits	61101.767507	0.324752	0.010316
203	K01E00C-S001-R001-C225-R_out.fits	61101.767984	0.310787	0.009952
204	K01E00C-S001-R001-C226-R_out.fits	61101.768462	0.309130	0.009913
205	K01E00C-S001-R001-C227-R_out.fits	61101.768964	0.295310	0.009637
206	K01E00C-S001-R001-C228-R_out.fits	61101.769442	0.302251	0.009861
207	K01E00C-S001-R001-C229-R_out.fits	61101.769940	0.297567	0.009920
208	K01E00C-S001-R001-C230-R_out.fits	61101.770449	0.287285	0.009900
209	K01E00C-S001-R001-C231-R_out.fits	61101.770928	0.299019	0.009786
210	K01E00C-S001-R001-C232-R_out.fits	61101.771426	0.304738	0.010043
211	K01E00C-S001-R001-C233-R_out.fits	61101.771903	0.308491	0.009882
212	K01E00C-S001-R001-C234-R_out.fits	61101.772380	0.287553	0.009546
213	K01E00C-S001-R001-C235-R_out.fits	61101.772879	0.295277	0.009838
214	K01E00C-S001-R001-C236-R_out.fits	61101.773358	0.284442	0.009464
215	K01E00C-S001-R001-C237-R_out.fits	61101.773858	0.291158	0.009853
216	K01E00C-S001-R001-C238-R_out.fits	61101.774337	0.292694	0.009712
217	K01E00C-S001-R001-C239-R_out.fits	61101.774816	0.272404	0.009559
218	K01E00C-S001-R001-C240-R_out.fits	61101.775322	0.285577	0.009652
219	K01E00C-S001-R001-C241-R_out.fits	61101.775799	0.303250	0.009790
220	K01E00C-S001-R001-C242-R_out.fits	61101.776276	0.296991	0.009760
221	K01E00C-S001-R001-C243-R_out.fits	61101.776754	0.304640	0.010165
222	K01E00C-S001-R001-C244-R_out.fits	61101.777230	0.288580	0.009562
223	K01E00C-S001-R001-C245-R_out.fits	61101.777729	0.293864	0.009618
224	K01E00C-S001-R001-C248-R_out.fits	61101.781563	0.279205	0.008710
225	K01E00C-S001-R001-C249-R_out.fits	61101.782040	0.268503	0.008628
226	K01E00C-S001-R001-C250-R_out.fits	61101.782517	0.286006	0.008781
227	K01E00C-S001-R001-C251-R_out.fits	61101.783016	0.289173	0.008896
228	K01E00C-S001-R001-C252-R_out.fits	61101.783493	0.272428	0.008605
229	K01E00C-S001-R001-C253-R_out.fits	61101.783991	0.280464	0.008903
230	K01E00C-S001-R001-C254-R_out.fits	61101.784469	0.277109	0.008792
231	K01E00C-S001-R001-C255-R_out.fits	61101.784968	0.287483	0.008962
232	K01E00C-S001-R001-C256-R_out.fits	61101.785445	0.273494	0.008553
233	K01E00C-S001-R001-C257-R_out.fits	61101.785924	0.291470	0.008952
234	K01E00C-S001-R001-C258-R_out.fits	61101.786432	0.283750	0.008864
235	K01E00C-S001-R001-C259-R_out.fits	61101.786911	0.272830	0.008682
236	K01E00C-S001-R001-C260-R_out.fits	61101.787412	0.277273	0.008771
237	K01E00C-S001-R001-C261-R_out.fits	61101.787911	0.267949	0.008729
238	K01E00C-S001-R001-C262-R_out.fits	61101.788389	0.271544	0.008594
239	K01E00C-S001-R001-C263-R_out.fits	61101.788868	0.284365	0.008634
240	K01E00C-S001-R001-C264-R_out.fits	61101.789347	0.298394	0.008828
241	K01E00C-S001-R001-C265-R_out.fits	61101.789857	0.264320	0.008392
242	K01E00C-S001-R001-C266-R_out.fits	61101.790356	0.266480	0.008510
243	K01E00C-S001-R001-C267-R_out.fits	61101.790833	0.284955	0.009009
244	K01E00C-S001-R001-C268-R_out.fits	61101.791331	0.279168	0.008790
245	K01E00C-S001-R001-C269-R_out.fits	61101.791808	0.277200	0.008591
246	K01E00C-S001-R001-C270-R_out.fits	61101.792288	0.272627	0.008869
247	K01E00C-S001-R001-C271-R_out.fits	61101.792765	0.274008	0.008638
248	K01E00C-S001-R001-C272-R_out.fits	61101.793245	0.270027	0.008636
249	K01E00C-S001-R001-C273-R_out.fits	61101.793745	0.264325	0.008569
250	K01E00C-S001-R001-C274-R_out.fits	61101.794223	0.279682	0.008878
251	K01E00C-S001-R001-C275-R_out.fits	61101.794731	0.289060	0.008809
252	K01E00C-S001-R001-C276-R_out.fits	61101.795208	0.300852	0.008846
253	K01E00C-S001-R001-C277-R_out.fits	61101.795686	0.285607	0.008624
254	K01E00C-S001-R001-C278-R_out.fits	61101.796165	0.267019	0.008735
255	K01E00C-S001-R001-C279-R_out.fits	61101.796642	0.280934	0.009011
256	K01E00C-S001-R001-C280-R_out.fits	61101.797127	0.283561	0.008920
257	K01E00C-S001-R001-C281-R_out.fits	61101.797608	0.262657	0.008682
258	K01E00C-S001-R001-C282-R_out.fits	61101.798086	0.272997	0.008858
259	K01E00C-S001-R001-C283-R_out.fits	61101.798563	0.266917	0.008765
260	K01E00C-S001-R001-C284-R_out.fits	61101.799075	0.263105	0.008612
261	K01E00C-S001-R001-C285-R_out.fits	61101.799586	0.252928	0.008414
262	K01E00C-S001-R001-C286-R_out.fits	61101.800065	0.263742	0.008507
263	K01E00C-S001-R001-C287-R_out.fits	61101.800544	0.255576	0.008589
264	K01E00C-S001-R001-C288-R_out.fits	61101.801044	0.270771	0.008620
265	K01E00C-S001-R001-C289-R_out.fits	61101.801524	0.256199	0.008777
266	K01E00C-S001-R001-C290-R_out.fits	61101.802002	0.261061	0.008587
267	K01E00C-S001-R001-C291-R_out.fits	61101.802503	0.264533	0.008752
268	K01E00C-S001-R001-C292-R_out.fits	61101.803006	0.267657	0.008728
269	K01E00C-S001-R001-C293-R_out.fits	61101.803484	0.244922	0.008407
270	K01E00C-S001-R001-C294-R_out.fits	61101.803970	0.261202	0.008720
271	K01E00C-S001-R001-C295-R_out.fits	61101.804475	0.244809	0.008702
272	K01E00C-S001-R001-C296-R_out.fits	61101.804953	0.239529	0.008541
273	K01E00C-S001-R001-C297-R_out.fits	61101.805453	0.252451	0.008386
274	K01E00C-S001-R001-C298-R_out.fits	61101.805931	0.255148	0.008708
275	K01E00C-S001-R001-C299-R_out.fits	61101.806408	0.253230	0.008433
276	K01E00C-S001-R001-C300-R_out.fits	61101.806907	0.260940	0.008823
277	K01E00C-S001-R001-C301-R_out.fits	61101.807384	0.265386	0.008703
278	K01E00C-S001-R001-C302-R_out.fits	61101.807869	0.251252	0.008678
279	K01E00C-S001-R001-C303-R_out.fits	61101.808346	0.249433	0.008578
280	K01E00C-S001-R001-C304-R_out.fits	61101.808824	0.262289	0.008664
281	K01E00C-S001-R001-C305-R_out.fits	61101.809333	0.259941	0.008675
282	K01E00C-S001-R001-C306-R_out.fits	61101.809811	0.252955	0.008648
283	K01E00C-S001-R001-C307-R_out.fits	61101.810296	0.272734	0.008868
284	K01E00C-S001-R001-C308-R_out.fits	61101.810774	0.259049	0.008588
285	K01E00C-S001-R001-C309-R_out.fits	61101.811273	0.268195	0.008850
286	K01E00C-S001-R001-C310-R_out.fits	61101.811750	0.254121	0.008658
287	K01E00C-S001-R001-C311-R_out.fits	61101.812228	0.261730	0.008615
288	K01E00C-S001-R001-C312-R_out.fits	61101.812727	0.247641	0.008581
289	K01E00C-S001-R001-C313-R_out.fits	61101.813227	0.259135	0.008634
290	K01E00C-S001-R001-C314-R_out.fits	61101.813704	0.260019	0.008714
291	K01E00C-S001-R001-C315-R_out.fits	61101.814214	0.263065	0.008940
292	K01E00C-S001-R001-C316-R_out.fits	61101.814691	0.267465	0.008801
293	K01E00C-S001-R001-C317-R_out.fits	61101.815170	0.263482	0.008639
294	K01E00C-S001-R001-C318-R_out.fits	61101.815669	0.261986	0.008771
295	K01E00C-S001-R001-C319-R_out.fits	61101.816147	0.261769	0.008838
296	K01E00C-S001-R001-C320-R_out.fits	61101.816623	0.259802	0.008774
297	K01E00C-S001-R001-C321-R_out.fits	61101.817102	0.262282	0.008447
298	K01E00C-S001-R001-C322-R_out.fits	61101.817585	0.268622	0.008788
299	K01E00C-S001-R001-C323-R_out.fits	61101.818084	0.254855	0.008663
300	K01E00C-S001-R001-C324-R_out.fits	61101.818561	0.276186	0.008990
301	K01E00C-S001-R001-C325-R_out.fits	61101.819070	0.268484	0.008695
302	K01E00C-S001-R001-C326-R_out.fits	61101.819548	0.263441	0.008740
303	K01E00C-S001-R001-C327-R_out.fits	61101.820028	0.269737	0.008914
304	K01E00C-S001-R001-C328-R_out.fits	61101.820515	0.268405	0.008679
305	K01E00C-S001-R001-C329-R_out.fits	61101.820992	0.280886	0.008902
306	K01E00C-S001-R001-C330-R_out.fits	61101.821469	0.291213	0.009068
307	K01E00C-S001-R001-C331-R_out.fits	61101.821946	0.291111	0.009051
308	K01E00C-S001-R001-C332-R_out.fits	61101.822431	0.280207	0.008988
309	K01E00C-S001-R001-C333-R_out.fits	61101.822910	0.265072	0.008837
310	K01E00C-S001-R001-C334-R_out.fits	61101.823390	0.269005	0.008910
311	K01E00C-S001-R001-C335-R_out.fits	61101.823897	0.271711	0.008856
312	K01E00C-S001-R001-C336-R_out.fits	61101.824377	0.256516	0.008735
313	K01E00C-S001-R001-C337-R_out.fits	61101.824875	0.269953	0.008817
314	K01E00C-S001-R001-C338-R_out.fits	61101.825374	0.276522	0.009075
315	K01E00C-S001-R001-C339-R_out.fits	61101.825853	0.278626	0.008794
316	K01E00C-S001-R001-C340-R_out.fits	61101.826330	0.269318	0.008726
317	K01E00C-S001-R001-C341-R_out.fits	61101.826808	0.276390	0.008940
318	K01E00C-S001-R001-C342-R_out.fits	61101.827294	0.266786	0.008905
319	K01E00C-S001-R001-C343-R_out.fits	61101.827772	0.269251	0.008700
320	K01E00C-S001-R001-C344-R_out.fits	61101.828249	0.274601	0.008859
321	K01E00C-S001-R001-C345-R_out.fits	61101.828771	0.262165	0.008796
322	K01E00C-S001-R001-C346-R_out.fits	61101.829250	0.269604	0.008926
323	K01E00C-S001-R001-C347-R_out.fits	61101.829728	0.275744	0.008884
324	K01E00C-S001-R001-C348-R_out.fits	61101.830226	0.270217	0.008821
325	K01E00C-S001-R001-C349-R_out.fits	61101.830704	0.271487	0.008899
326	K01E00C-S001-R001-C350-R_out.fits	61101.831204	0.278425	0.009067
327	K01E00C-S001-R001-C351-R_out.fits	61101.831681	0.281390	0.009021
328	K01E00C-S001-R001-C352-R_out.fits	61101.832163	0.276977	0.009195
329	K01E00C-S001-R001-C353-R_out.fits	61101.832640	0.265529	0.008611
330	K01E00C-S001-R001-C354-R_out.fits	61101.833139	0.269190	0.008804
331	K01E00C-S001-R001-C355-R_out.fits	61101.833649	0.273917	0.009038
332	K01E00C-S001-R001-C356-R_out.fits	61101.834131	0.268176	0.008945
333	K01E00C-S001-R001-C357-R_out.fits	61101.834608	0.278334	0.008963
334	K01E00C-S001-R001-C358-R_out.fits	61101.835088	0.264977	0.008856
335	K01E00C-S001-R001-C359-R_out.fits	61101.835586	0.282364	0.008900
336	K01E00C-S001-R001-C360-R_out.fits	61101.836063	0.299752	0.009181
337	K01E00C-S001-R001-C361-R_out.fits	61101.836541	0.277064	0.008855
338	K01E00C-S001-R001-C362-R_out.fits	61101.837023	0.268778	0.008805
339	K01E00C-S001-R001-C363-R_out.fits	61101.837502	0.267701	0.008730
340	K01E00C-S001-R001-C364-R_out.fits	61101.838000	0.263013	0.008638
341	K01E00C-S001-R001-C365-R_out.fits	61101.838508	0.279163	0.009024
342	K01E00C-S001-R001-C366-R_out.fits	61101.838987	0.275857	0.008825
343	K01E00C-S001-R001-C367-R_out.fits	61101.839465	0.275998	0.008942
344	K01E00C-S001-R001-C368-R_out.fits	61101.839943	0.262463	0.008747
345	K01E00C-S001-R001-C369-R_out.fits	61101.840441	0.273314	0.008920
346	K01E00C-S001-R001-C370-R_out.fits	61101.840919	0.278258	0.008892
347	K01E00C-S001-R001-C371-R_out.fits	61101.841396	0.258685	0.008758
348	K01E00C-S001-R001-C372-R_out.fits	61101.841877	0.254814	0.008599
349	K01E00C-S001-R001-C373-R_out.fits	61101.842354	0.271867	0.008866
350	K01E00C-S001-R001-C374-R_out.fits	61101.842832	0.258613	0.008724
351	K01E00C-S001-R001-C375-R_out.fits	61101.843341	0.277878	0.008778
352	K01E00C-S001-R001-C376-R_out.fits	61101.843819	0.266599	0.008604
353	K01E00C-S001-R001-C377-R_out.fits	61101.844300	0.261442	0.008844
354	K01E00C-S001-R001-C378-R_out.fits	61101.844781	0.265464	0.008581
355	K01E00C-S001-R001-C379-R_out.fits	61101.845259	0.266902	0.008744
356	K01E00C-S001-R001-C380-R_out.fits	61101.845739	0.256020	0.008528
357	K01E00C-S001-R001-C381-R_out.fits	61101.846219	0.258757	0.008723
358	K01E00C-S001-R001-C382-R_out.fits	61101.846697	0.274833	0.008850
359	K01E00C-S001-R001-C383-R_out.fits	61101.847176	0.271395	0.008828
360	K01E00C-S001-R001-C384-R_out.fits	61101.847654	0.252733	0.008618
361	K01E00C-S001-R001-C385-R_out.fits	61101.848147	0.261311	0.008784
362	K01E00C-S001-R001-C386-R_out.fits	61101.848646	0.247352	0.008460
363	K01E00C-S001-R001-C387-R_out.fits	61101.849125	0.260296	0.008821
364	K01E00C-S001-R001-C388-R_out.fits	61101.849634	0.251184	0.008609
365	K01E00C-S001-R001-C389-R_out.fits	61101.850146	0.252007	0.008630
366	K01E00C-S001-R001-C390-R_out.fits	61101.850648	0.263481	0.008532
367	K01E00C-S001-R001-C391-R_out.fits	61101.851133	0.264827	0.008756
368	K01E00C-S001-R001-C392-R_out.fits	61101.851617	0.253100	0.008496
369	K01E00C-S001-R001-C393-R_out.fits	61101.852095	0.252370	0.008588
370	K01E00C-S001-R001-C394-R_out.fits	61101.852574	0.245353	0.008611
371	K01E00C-S001-R001-C395-R_out.fits	61101.853082	0.248890	0.008367
372	K01E00C-S001-R001-C396-R_out.fits	61101.853560	0.244925	0.008242
373	K01E00C-S001-R001-C397-R_out.fits	61101.854048	0.261447	0.008662
374	K01E00C-S001-R001-C398-R_out.fits	61101.854528	0.246472	0.008421
375	K01E00C-S001-R001-C399-R_out.fits	61101.855006	0.249836	0.008571
376	K01E00C-S001-R001-C400-R_out.fits	61101.855483	0.252974	0.008741
377	K01E00C-S001-R001-C401-R_out.fits	61101.855961	0.244109	0.008393
378	K01E00C-S001-R001-C402-R_out.fits	61101.856440	0.254669	0.008516
379	K01E00C-S001-R001-C403-R_out.fits	61101.856922	0.246723	0.008464
380	K01E00C-S001-R001-C404-R_out.fits	61101.857400	0.250843	0.008484
381	K01E00C-S001-R001-C405-R_out.fits	61101.857909	0.260582	0.008771
382	K01E00C-S001-R001-C406-R_out.fits	61101.858387	0.259442	0.008534
383	K01E00C-S001-R001-C407-R_out.fits	61101.858864	0.256306	0.008662
384	K01E00C-S001-R001-C408-R_out.fits	61101.859343	0.254639	0.008606
385	K01E00C-S001-R001-C409-R_out.fits	61101.859842	0.246829	0.008635
386	K01E00C-S001-R001-C410-R_out.fits	61101.860321	0.241004	0.008254
387	K01E00C-S001-R001-C411-R_out.fits	61101.860799	0.272055	0.009071
388	K01E00C-S001-R001-C412-R_out.fits	61101.861297	0.251817	0.008601
389	K01E00C-S001-R001-C413-R_out.fits	61101.861775	0.231877	0.008542
390	K01E00C-S001-R001-C414-R_out.fits	61101.862255	0.245948	0.008549
391	K01E00C-S001-R001-C415-R_out.fits	61101.862764	0.254462	0.008763
392	K01E00C-S001-R001-C416-R_out.fits	61101.863244	0.256011	0.008611
393	K01E00C-S001-R001-C417-R_out.fits	61101.863723	0.248522	0.008595
394	K01E00C-S001-R001-C418-R_out.fits	61101.864208	0.245733	0.008813
395	K01E00C-S001-R001-C419-R_out.fits	61101.864685	0.246316	0.008653
396	K01E00C-S001-R001-C420-R_out.fits	61101.865164	0.258934	0.008739
397	K01E00C-S001-R001-C421-R_out.fits	61101.865641	0.250490	0.008490
398	K01E00C-S001-R001-C422-R_out.fits	61101.866119	0.263992	0.008962
399	K01E00C-S001-R001-C423-R_out.fits	61101.866595	0.246466	0.008596
400	K01E00C-S001-R001-C424-R_out.fits	61101.867073	0.262729	0.008910
401	K01E00C-S001-R001-C425-R_out.fits	61101.867557	0.244171	0.008764
402	K01E00C-S001-R001-C426-R_out.fits	61101.868034	0.248408	0.008642
403	K01E00C-S001-R001-C427-R_out.fits	61101.868512	0.268070	0.008860
404	K01E00C-S001-R001-C428-R_out.fits	61101.869022	0.262778	0.008791
405	K01E00C-S001-R001-C429-R_out.fits	61101.869499	0.249049	0.008678
406	K01E00C-S001-R001-C430-R_out.fits	61101.869976	0.253504	0.008778
407	K01E00C-S001-R001-C431-R_out.fits	61101.870454	0.267701	0.008827
408	K01E00C-S001-R001-C432-R_out.fits	61101.870931	0.257846	0.009017
409	K01E00C-S001-R001-C433-R_out.fits	61101.871409	0.264408	0.008848
410	K01E00C-S001-R001-C434-R_out.fits	61101.871886	0.270587	0.009073
411	K01E00C-S001-R001-C435-R_out.fits	61101.872365	0.250555	0.008987
412	K01E00C-S001-R001-C436-R_out.fits	61101.872842	0.259378	0.009189
413	K01E00C-S001-R001-C437-R_out.fits	61101.873321	0.249377	0.008982
414	K01E00C-S001-R001-C438-R_out.fits	61101.873800	0.269790	0.009227
415	K01E00C-S001-R001-C439-R_out.fits	61101.874278	0.260674	0.009182
416	K01E00C-S001-R001-C440-R_out.fits	61101.874756	0.257631	0.009417
417	K01E00C-S001-R001-C441-R_out.fits	61101.875261	0.286602	0.009906
418	K01E00C-S001-R001-C442-R_out.fits	61101.875738	0.258056	0.009633
419	K01E00C-S001-R001-C443-R_out.fits	61101.876216	0.267125	0.009683
420	K01E00C-S001-R001-C444-R_out.fits	61101.876702	0.255414	0.009720
421	K01E00C-S001-R001-C445-R_out.fits	61101.877181	0.229892	0.009601
422	K01E00C-S001-R001-C446-R_out.fits	61101.877660	0.263661	0.009816
423	K01E00C-S001-R001-C447-R_out.fits	61101.878138	0.264431	0.009984
424	K01E00C-S001-R001-C448-R_out.fits	61101.878616	0.255502	0.009882
425	K01E00C-S001-R001-C449-R_out.fits	61101.879093	0.245521	0.009759
426	K01E00C-S001-R001-C450-R_out.fits	61101.879571	0.269186	0.010037
427	K01E00C-S001-R001-C451-R_out.fits	61101.880048	0.251370	0.009681
428	K01E00C-S001-R001-C452-R_out.fits	61101.880531	0.253713	0.010052
429	K01E00C-S001-R001-C453-R_out.fits	61101.881010	0.265099	0.010305
430	K01E00C-S001-R001-C454-R_out.fits	61101.881493	0.251969	0.009866
431	K01E00C-S001-R001-C455-R_out.fits	61101.881973	0.261355	0.009823
432	K01E00C-S001-R001-C456-R_out.fits	61101.882453	0.254108	0.009619
433	K01E00C-S001-R001-C457-R_out.fits	61101.882963	0.269957	0.009854
434	K01E00C-S001-R001-C458-R_out.fits	61101.883441	0.258457	0.009598
435	K01E00C-S001-R001-C459-R_out.fits	61101.883917	0.280939	0.009874
436	K01E00C-S001-R001-C460-R_out.fits	61101.884395	0.265295	0.009443
437	K01E00C-S001-R001-C461-R_out.fits	61101.884872	0.264190	0.009777
438	K01E00C-S001-R001-C462-R_out.fits	61101.885350	0.265859	0.009668
439	K01E00C-S001-R001-C463-R_out.fits	61101.885848	0.271149	0.009337
440	K01E00C-S001-R001-C464-R_out.fits	61101.886329	0.279636	0.009678
441	K01E00C-S001-R001-C465-R_out.fits	61101.886808	0.269912	0.009380
442	K01E00C-S001-R001-C466-R_out.fits	61101.887287	0.266365	0.009279
443	K01E00C-S001-R001-C467-R_out.fits	61101.887797	0.254701	0.009125
444	K01E00C-S001-R001-C468-R_out.fits	61101.888275	0.263831	0.009414
445	K01E00C-S001-R001-C469-R_out.fits	61101.888755	0.267737	0.008926
446	K01E00C-S001-R001-C470-R_out.fits	61101.889234	0.271967	0.008785
447	K01E00C-S001-R001-C471-R_out.fits	61101.889711	0.267600	0.008765
448	K01E00C-S001-R001-C472-R_out.fits	61101.890188	0.265131	0.008854
449	K01E00C-S001-R001-C473-R_out.fits	61101.890665	0.255198	0.008457
450	K01E00C-S001-R001-C474-R_out.fits	61101.891142	0.246099	0.008428
451	K01E00C-S001-R001-C475-R_out.fits	61101.891620	0.254848	0.008452
452	K01E00C-S001-R001-C476-R_out.fits	61101.892097	0.254916	0.008475
453	K01E00C-S001-R001-C477-R_out.fits	61101.892581	0.256527	0.008237
454	K01E00C-S001-R001-C478-R_out.fits	61101.893058	0.266964	0.008409
455	K01E00C-S001-R001-C479-R_out.fits	61101.893538	0.282318	0.008530
456	K01E00C-S001-R001-C480-R_out.fits	61101.894045	0.257462	0.008031
457	K01E00C-S001-R001-C481-R_out.fits	61101.894523	0.267611	0.008117
458	K01E00C-S001-R001-C482-R_out.fits	61101.895002	0.253759	0.007962
459	K01E00C-S001-R001-C483-R_out.fits	61101.895482	0.260110	0.007954
460	K01E00C-S001-R001-C484-R_out.fits	61101.895965	0.251454	0.007795
461	K01E00C-S001-R001-C485-R_out.fits	61101.896443	0.254739	0.007623
462	K01E00C-S001-R001-C486-R_out.fits	61101.896921	0.259144	0.007562
463	K01E00C-S001-R001-C487-R_out.fits	61101.897400	0.250849	0.007512
464	K01E00C-S001-R001-C488-R_out.fits	61101.897878	0.263156	0.007665
465	K01E00C-S001-R001-C489-R_out.fits	61101.898363	0.273513	0.007653
466	K01E00C-S001-R001-C490-R_out.fits	61101.898844	0.264359	0.007511
467	K01E00C-S001-R001-C491-R_out.fits	61101.899321	0.271537	0.007625
468	K01E00C-S001-R001-C492-R_out.fits	61101.899798	0.261567	0.007515
469	K01E00C-S001-R001-C493-R_out.fits	61101.900311	0.256619	0.007746
470	K01E00C-S001-R001-C494-R_out.fits	61101.900792	0.267493	0.007947
471	K01E00C-S001-R001-C495-R_out.fits	61101.901271	0.269644	0.007992
472	K01E00C-S001-R001-C496-R_out.fits	61101.901751	0.273666	0.008480
473	K01E00C-S001-R001-C497-R_out.fits	61101.902230	0.248360	0.008363
474	K01E00C-S001-R001-C498-R_out.fits	61101.902710	0.270988	0.008967
