#	Label	J.D.-2400000	rel_flux_T1	rel_flux_err_T1	AIRMASS	Source-Sky_T1	Source_Error_T1
1	TN-G2882_2026-02-21_22-51-51.408_R_B2.fits	61093.452852	0.488273	0.002775	1.012846	55291.565321	254.602320
2	TN-G2882_2026-02-21_22-52-37.689_R_B2.fits	61093.453388	0.489549	0.002787	1.013229	55121.162357	253.988947
3	TN-G2882_2026-02-21_22-53-24.420_R_B2.fits	61093.453928	0.490651	0.002788	1.013625	55447.236869	255.141330
4	TN-G2882_2026-02-21_22-54-11.300_R_B2.fits	61093.454471	0.491042	0.002787	1.014031	55510.806830	254.930562
5	TN-G2882_2026-02-21_22-54-53.478_R_B2.fits	61093.454959	0.491816	0.002802	1.014403	55329.805295	255.244893
6	TN-G2882_2026-02-21_22-55-36.929_R_B2.fits	61093.455462	0.493021	0.002799	1.014794	55671.458935	255.812454
7	TN-G2882_2026-02-21_22-56-19.800_R_B2.fits	61093.455958	0.488245	0.002770	1.015187	55465.671602	255.153811
8	TN-G2882_2026-02-21_22-57-06.610_R_B2.fits	61093.456500	0.492667	0.002784	1.015623	56024.467847	256.203136
9	TN-G2882_2026-02-21_22-57-53.990_R_B2.fits	61093.457049	0.491008	0.002805	1.016074	54911.330528	253.974608
10	TN-G2882_2026-02-21_22-58-40.368_R_B2.fits	61093.457585	0.494616	0.002839	1.016524	54570.461215	253.200987
11	TN-G2882_2026-02-21_22-59-25.088_R_B2.fits	61093.458103	0.498584	0.002812	1.016965	56399.354780	256.783904
12	TN-G2882_2026-02-21_23-00-11.800_R_B2.fits	61093.458644	0.488819	0.002774	1.017434	55389.685989	254.808214
13	TN-G2882_2026-02-21_23-00-54.978_R_B2.fits	61093.459143	0.489517	0.002795	1.017876	54871.848988	253.712332
14	TN-G2882_2026-02-21_23-01-41.399_R_B2.fits	61093.459681	0.492731	0.002800	1.018358	55462.982689	255.013040
15	TN-G2882_2026-02-21_23-02-25.190_R_B2.fits	61093.460187	0.488470	0.002786	1.018821	54866.004969	253.455305
16	TN-G2882_2026-02-21_23-03-07.480_R_B2.fits	61093.460677	0.479766	0.002769	1.019275	53411.372473	250.620283
17	TN-G2882_2026-02-21_23-03-50.179_R_B2.fits	61093.461171	0.486246	0.002820	1.019741	53297.122075	250.699049
18	TN-G2882_2026-02-21_23-04-32.368_R_B2.fits	61093.461659	0.488292	0.002791	1.020208	54744.399270	253.596451
19	TN-G2882_2026-02-21_23-05-18.570_R_B2.fits	61093.462194	0.489187	0.002825	1.020728	53800.314594	251.593787
20	TN-G2882_2026-02-21_23-06-04.360_R_B2.fits	61093.462724	0.491593	0.002824	1.021251	54390.778989	252.834173
21	TN-G2882_2026-02-21_23-06-51.158_R_B2.fits	61093.463266	0.484603	0.002845	1.021794	52156.804818	248.431662
22	TN-G2882_2026-02-21_23-07-33.530_R_B2.fits	61093.463756	0.488039	0.002836	1.022294	53265.081737	250.921271
23	TN-G2882_2026-02-21_23-08-19.268_R_B2.fits	61093.464286	0.488845	0.002833	1.022841	53500.531146	251.040659
24	TN-G2882_2026-02-21_23-09-05.259_R_B2.fits	61093.464818	0.495334	0.002857	1.023400	54231.777401	252.775548
25	TN-G2882_2026-02-21_23-09-47.380_R_B2.fits	61093.465305	0.487123	0.002844	1.023919	52753.228036	249.742010
26	TN-G2882_2026-02-21_23-10-31.120_R_B2.fits	61093.465812	0.484928	0.002793	1.024465	53800.449886	251.420489
27	TN-G2882_2026-02-21_23-11-17.109_R_B2.fits	61093.466344	0.493996	0.002851	1.025048	54102.761151	252.337004
28	TN-G2882_2026-02-21_23-12-03.220_R_B2.fits	61093.466878	0.493126	0.002811	1.025641	55375.741029	255.595795
29	TN-G2882_2026-02-21_23-14-17.140_R_B2.fits	61093.468428	0.490125	0.002810	1.027411	54690.288035	254.097625
30	TN-G2882_2026-02-21_23-15-03_R_B2.fits	61093.468958	0.493190	0.002821	1.028034	54808.576995	253.505865
31	TN-G2882_2026-02-21_23-15-44.368_R_B2.fits	61093.469437	0.491303	0.002808	1.028604	54756.000770	253.115281
32	TN-G2882_2026-02-21_23-16-28.050_R_B2.fits	61093.469943	0.484709	0.002786	1.029213	53963.903929	251.841568
33	TN-G2882_2026-02-21_23-17-15.288_R_B2.fits	61093.470489	0.482932	0.002790	1.029880	53420.980050	250.771482
34	TN-G2882_2026-02-21_23-17-57.408_R_B2.fits	61093.470977	0.485444	0.002782	1.030482	54209.329247	251.993755
35	TN-G2882_2026-02-21_23-18-44.020_R_B2.fits	61093.471516	0.493657	0.002813	1.031158	55143.627010	254.163749
36	TN-G2882_2026-02-21_23-19-27.018_R_B2.fits	61093.472014	0.490207	0.002789	1.031788	55114.957650	254.013890
37	TN-G2882_2026-02-21_23-20-13.460_R_B2.fits	61093.472552	0.488809	0.002814	1.032479	53991.560624	251.769363
38	TN-G2882_2026-02-21_23-20-59.509_R_B2.fits	61093.473085	0.491223	0.002796	1.033172	55189.719366	254.445828
39	TN-G2882_2026-02-21_23-21-46.240_R_B2.fits	61093.473625	0.481090	0.002760	1.033884	53976.169128	251.662425
40	TN-G2882_2026-02-21_23-22-32.298_R_B2.fits	61093.474159	0.488668	0.002809	1.034595	54008.086345	251.548015
41	TN-G2882_2026-02-21_23-23-18.100_R_B2.fits	61093.474689	0.485723	0.002788	1.035311	54169.163426	252.162029
42	TN-G2882_2026-02-21_23-24-00.410_R_B2.fits	61093.475178	0.482572	0.002779	1.035980	53784.799178	251.738399
43	TN-G2882_2026-02-21_23-24-42.340_R_B2.fits	61093.475664	0.488890	0.002795	1.036651	54755.535682	253.943068
44	TN-G2882_2026-02-21_23-25-28.268_R_B2.fits	61093.476195	0.494537	0.002812	1.037394	55358.865616	254.526910
45	TN-G2882_2026-02-21_23-26-14.380_R_B2.fits	61093.476729	0.487890	0.002785	1.038149	54697.909521	253.180446
46	TN-G2882_2026-02-21_23-27-00.120_R_B2.fits	61093.477258	0.481980	0.002772	1.038906	53849.727956	251.909881
47	TN-G2882_2026-02-21_23-27-46.359_R_B2.fits	61093.477794	0.485103	0.002808	1.039682	53240.348168	250.090908
48	TN-G2882_2026-02-21_23-28-31.969_R_B2.fits	61093.478321	0.478804	0.002751	1.040455	53780.805387	251.373350
49	TN-G2882_2026-02-21_23-29-18.149_R_B2.fits	61093.478856	0.491070	0.002802	1.041248	54835.425493	253.292323
50	TN-G2882_2026-02-21_23-30-04.009_R_B2.fits	61093.479387	0.486289	0.002779	1.042044	54515.995681	252.732042
51	TN-G2882_2026-02-21_23-30-50.130_R_B2.fits	61093.479920	0.485079	0.002767	1.042853	54623.569895	253.063123
52	TN-G2882_2026-02-21_23-31-32.618_R_B2.fits	61093.480412	0.491900	0.002804	1.043607	54976.926150	253.671480
53	TN-G2882_2026-02-21_23-32-18.300_R_B2.fits	61093.480941	0.485122	0.002767	1.044427	54608.925100	252.814081
54	TN-G2882_2026-02-21_23-33-04.040_R_B2.fits	61093.481470	0.489090	0.002807	1.045256	54237.549206	252.243467
55	TN-G2882_2026-02-21_23-33-46.280_R_B2.fits	61093.481959	0.483152	0.002790	1.046031	53489.309669	250.979093
56	TN-G2882_2026-02-21_23-34-32.210_R_B2.fits	61093.482491	0.485876	0.002769	1.046882	54724.909064	253.118935
57	TN-G2882_2026-02-21_23-35-18.010_R_B2.fits	61093.483021	0.484102	0.002764	1.047739	54484.084262	252.662899
58	TN-G2882_2026-02-21_23-36-04.120_R_B2.fits	61093.483555	0.487556	0.002772	1.048612	54951.442552	253.326028
59	TN-G2882_2026-02-21_23-36-47.500_R_B2.fits	61093.484057	0.488351	0.002784	1.049442	54772.470877	253.144181
60	TN-G2882_2026-02-21_23-37-29.899_R_B2.fits	61093.484547	0.484457	0.002780	1.050261	54129.191335	252.167112
61	TN-G2882_2026-02-21_23-38-16.510_R_B2.fits	61093.485087	0.483216	0.002769	1.051172	54184.364099	252.247971
62	TN-G2882_2026-02-21_23-39-03.310_R_B2.fits	61093.485629	0.487271	0.002797	1.052095	54201.057287	252.342543
63	TN-G2882_2026-02-21_23-39-49.478_R_B2.fits	61093.486163	0.492693	0.002815	1.053015	54879.556441	253.892569
64	TN-G2882_2026-02-21_23-40-36.100_R_B2.fits	61093.486703	0.485477	0.002781	1.053955	54289.825527	252.349060
65	TN-G2882_2026-02-21_23-41-17.410_R_B2.fits	61093.487181	0.480160	0.002759	1.054796	53772.050550	251.380162
66	TN-G2882_2026-02-21_23-42-03.270_R_B2.fits	61093.487711	0.484937	0.002773	1.055738	54454.121446	252.897616
67	TN-G2882_2026-02-21_23-42-49.259_R_B2.fits	61093.488244	0.488169	0.002805	1.056692	54105.618406	252.028246
68	TN-G2882_2026-02-21_23-43-35.368_R_B2.fits	61093.488777	0.490772	0.002810	1.057660	54455.253677	252.380373
69	TN-G2882_2026-02-21_23-44-22.178_R_B2.fits	61093.489319	0.484321	0.002775	1.058651	54137.220390	251.979723
70	TN-G2882_2026-02-21_23-45-09.038_R_B2.fits	61093.489862	0.484857	0.002768	1.059654	54487.380333	252.495860
71	TN-G2882_2026-02-21_23-45-55.149_R_B2.fits	61093.490395	0.479206	0.002746	1.060651	54138.963341	252.592897
72	TN-G2882_2026-02-21_23-46-41.079_R_B2.fits	61093.490927	0.482405	0.002771	1.061653	53971.037335	251.848649
73	TN-G2882_2026-02-21_23-47-27.070_R_B2.fits	61093.491459	0.486757	0.002785	1.062668	54516.960307	253.084176
74	TN-G2882_2026-02-21_23-48-13.179_R_B2.fits	61093.491993	0.474393	0.002744	1.063694	52986.667961	249.886373
75	TN-G2882_2026-02-21_23-49-00.110_R_B2.fits	61093.492536	0.485497	0.002776	1.064749	54483.860127	252.783078
76	TN-G2882_2026-02-21_23-49-47.100_R_B2.fits	61093.493080	0.476458	0.002745	1.065816	53489.620210	250.870040
