#	Label	J.D.-2400000	rel_flux_T1	rel_flux_err_T1
1	G2882-S001-R001-C001-R_out.fits	61106.504392	0.082415	0.005422
2	G2882-S001-R001-C002-R_out.fits	61106.505579	0.069970	0.004859
3	G2882-S001-R001-C003-R_out.fits	61106.506757	0.069374	0.004389
4	G2882-S001-R001-C004-R_out.fits	61106.507936	0.074252	0.004065
5	G2882-S001-R001-C005-R_out.fits	61106.509131	0.077099	0.003832
6	G2882-S001-R001-C006-R_out.fits	61106.510313	0.075717	0.003574
7	G2882-S001-R001-C008-R_out.fits	61106.512671	0.079405	0.003364
8	G2882-S001-R001-C009-R_out.fits	61106.513858	0.073348	0.003225
9	G2882-S001-R001-C010-R_out.fits	61106.515037	0.065960	0.003169
10	G2882-S001-R001-C011-R_out.fits	61106.516220	0.072480	0.003104
11	G2882-S001-R001-C012-R_out.fits	61106.517400	0.072048	0.003097
12	G2882-S001-R001-C013-R_out.fits	61106.518580	0.071348	0.003015
13	G2882-S001-R001-C014-R_out.fits	61106.519764	0.070332	0.002991
14	G2882-S001-R001-C015-R_out.fits	61106.520945	0.077124	0.003008
15	G2882-S001-R001-C016-R_out.fits	61106.522131	0.070479	0.002989
16	G2882-S001-R001-C017-R_out.fits	61106.523315	0.068663	0.002989
17	G2882-S001-R001-C018-R_out.fits	61106.524494	0.067373	0.002975
18	G2882-S001-R001-C019-R_out.fits	61106.525675	0.061525	0.002961
19	G2882-S001-R001-C020-R_out.fits	61106.527043	0.063870	0.002911
20	G2882-S001-R001-C021-R_out.fits	61106.528223	0.061997	0.002976
21	G2882-S001-R001-C022-R_out.fits	61106.529400	0.058412	0.002921
22	G2882-S001-R001-C023-R_out.fits	61106.530580	0.057241	0.002969
23	G2882-S001-R001-C024-R_out.fits	61106.531758	0.056190	0.002998
24	G2882-S001-R001-C025-R_out.fits	61106.532963	0.055691	0.003010
25	G2882-S001-R001-C026-R_out.fits	61106.534149	0.062603	0.003078
26	G2882-S001-R001-C027-R_out.fits	61106.535342	0.057976	0.003112
27	G2882-S001-R001-C028-R_out.fits	61106.536530	0.048211	0.003134
28	G2882-S001-R001-C029-R_out.fits	61106.537716	0.052835	0.003195
29	G2882-S001-R001-C042-R_out.fits	61106.553126	0.042446	0.003600
30	G2882-S001-R001-C043-R_out.fits	61106.554306	0.037230	0.003585
31	G2882-S001-R001-C044-R_out.fits	61106.555496	0.035141	0.003633
32	G2882-S001-R001-C045-R_out.fits	61106.556676	0.032884	0.003615
33	G2882-S001-R001-C046-R_out.fits	61106.557857	0.035899	0.003594
34	G2882-S001-R001-C047-R_out.fits	61106.559037	0.036331	0.003655
35	G2882-S001-R001-C048-R_out.fits	61106.560219	0.030929	0.003618
36	G2882-S001-R001-C049-R_out.fits	61106.561404	0.040821	0.003691
37	G2882-S001-R001-C050-R_out.fits	61106.562585	0.034841	0.003692
38	G2882-S001-R001-C051-R_out.fits	61106.563793	0.031181	0.003662
39	G2882-S001-R001-C052-R_out.fits	61106.565005	0.036379	0.003653
40	G2882-S001-R001-C053-R_out.fits	61106.566181	0.035884	0.003695
41	G2882-S001-R001-C054-R_out.fits	61106.567365	0.041543	0.003694
42	G2882-S001-R001-C055-R_out.fits	61106.568545	0.029995	0.003704
43	G2882-S001-R001-C056-R_out.fits	61106.569726	0.030145	0.003720
44	G2882-S001-R001-C057-R_out.fits	61106.570906	0.032812	0.003739
45	G2882-S001-R001-C058-R_out.fits	61106.572093	0.030328	0.003710
46	G2882-S001-R001-C059-R_out.fits	61106.573272	0.039538	0.003748
47	G2882-S001-R001-C060-R_out.fits	61106.574452	0.037520	0.003693
48	G2882-S001-R001-C061-R_out.fits	61106.575645	0.034137	0.003711
49	G2882-S001-R001-C062-R_out.fits	61106.576855	0.043046	0.003700
50	G2882-S001-R001-C063-R_out.fits	61106.578037	0.028921	0.003712
51	G2882-S001-R001-C064-R_out.fits	61106.579240	0.037442	0.003753
52	G2882-S001-R001-C065-R_out.fits	61106.580426	0.032269	0.003737
53	G2882-S001-R001-C066-R_out.fits	61106.581606	0.044505	0.003735
54	G2882-S001-R001-C067-R_out.fits	61106.582785	0.038124	0.003711
55	G2882-S001-R001-C068-R_out.fits	61106.583973	0.037076	0.003741
56	G2882-S001-R001-C069-R_out.fits	61106.585174	0.034436	0.003739
57	G2882-S001-R001-C070-R_out.fits	61106.586356	0.036685	0.003704
58	G2882-S001-R001-C071-R_out.fits	61106.587541	0.030432	0.003785
59	G2882-S001-R001-C072-R_out.fits	61106.588720	0.034308	0.003739
60	G2882-S001-R001-C073-R_out.fits	61106.589900	0.034444	0.003782
61	G2882-S001-R001-C074-R_out.fits	61106.591078	0.031415	0.003802
62	G2882-S001-R001-C075-R_out.fits	61106.592267	0.034883	0.003764
63	G2882-S001-R001-C076-R_out.fits	61106.596803	0.040867	0.003832
64	G2882-S001-R001-C077-R_out.fits	61106.597980	0.032593	0.003838
65	G2882-S001-R001-C078-R_out.fits	61106.599180	0.042041	0.003876
66	G2882-S001-R001-C079-R_out.fits	61106.600360	0.039744	0.003848
67	G2882-S001-R001-C080-R_out.fits	61106.601541	0.034531	0.003934
68	G2882-S001-R001-C081-R_out.fits	61106.602757	0.032860	0.003910
69	G2882-S001-R001-C082-R_out.fits	61106.603934	0.037708	0.003910
70	G2882-S001-R001-C083-R_out.fits	61106.605137	0.035368	0.003930
71	G2882-S001-R001-C084-R_out.fits	61106.606315	0.040607	0.003834
72	G2882-S001-R001-C085-R_out.fits	61106.607491	0.042284	0.003896
73	G2882-S001-R001-C094-R_out.fits	61106.618116	0.038309	0.003918
74	G2882-S001-R001-C095-R_out.fits	61106.619304	0.041980	0.003997
75	G2882-S001-R001-C096-R_out.fits	61106.620483	0.041434	0.003955
76	G2882-S001-R001-C097-R_out.fits	61106.621664	0.037297	0.004009
77	G2882-S001-R001-C098-R_out.fits	61106.622853	0.042748	0.003996
78	G2882-S001-R001-C099-R_out.fits	61106.624033	0.043390	0.004021
79	G2882-S001-R001-C100-R_out.fits	61106.625215	0.047751	0.004023
