#	Label	J.D.-2400000	rel_flux_T1	rel_flux_err_T1	AIRMASS	Source-Sky_T1	Source_Error_T1
1	K01E00C-S001-R001-C001-R_out.fits	61099.758157	0.644559	0.011508	1.098779	15551.973687	195.658870
2	K01E00C-S001-R001-C002-R_out.fits	61099.758649	0.648069	0.011776	1.097985	15272.036819	195.851720
3	K01E00C-S001-R001-C003-R_out.fits	61099.759147	0.682336	0.012312	1.097192	15782.079648	196.134753
4	K01E00C-S001-R001-C004-R_out.fits	61099.759626	0.676013	0.012338	1.096442	15449.484765	194.393650
5	K01E00C-S001-R001-C005-R_out.fits	61099.760125	0.698280	0.012628	1.095669	15872.085065	195.552636
6	K01E00C-S001-R001-C006-R_out.fits	61099.760627	0.676809	0.012063	1.094904	15863.830296	195.603695
7	K01E00C-S001-R001-C007-R_out.fits	61099.761103	0.690917	0.012367	1.094188	15964.837213	195.923286
8	K01E00C-S001-R001-C008-R_out.fits	61099.761602	0.682001	0.012256	1.093449	15724.013033	194.251457
9	K01E00C-S001-R001-C009-R_out.fits	61099.762107	0.672041	0.012189	1.092713	15432.599088	194.497576
10	K01E00C-S001-R001-C010-R_out.fits	61099.762607	0.666435	0.011950	1.091995	15533.359510	193.754727
11	K01E00C-S001-R001-C011-R_out.fits	61099.763107	0.679006	0.012312	1.091287	15452.106731	193.729030
12	K01E00C-S001-R001-C012-R_out.fits	61099.763605	0.640789	0.011476	1.090593	15234.645478	193.325590
13	K01E00C-S001-R001-C013-R_out.fits	61099.764104	0.671134	0.012037	1.089908	15518.341592	193.159068
14	K01E00C-S001-R001-C014-R_out.fits	61099.764604	0.668096	0.012130	1.089234	15284.924619	192.857078
15	K01E00C-S001-R001-C015-R_out.fits	61099.765102	0.690408	0.012379	1.088572	15803.085609	194.532173
16	K01E00C-S001-R001-C016-R_out.fits	61099.765612	0.669651	0.011995	1.087907	15487.580714	192.629426
17	K01E00C-S001-R001-C017-R_out.fits	61099.766112	0.661327	0.011856	1.087264	15364.108409	192.272285
18	K01E00C-S001-R001-C018-R_out.fits	61099.766609	0.669382	0.012080	1.086637	15281.243986	191.742441
19	K01E00C-S001-R001-C019-R_out.fits	61099.767108	0.663680	0.011732	1.086017	15626.419391	192.657194
20	K01E00C-S001-R001-C020-R_out.fits	61099.767586	0.669322	0.011814	1.085434	15645.254263	191.725184
21	K01E00C-S001-R001-C021-R_out.fits	61099.768062	0.677227	0.012059	1.084862	15639.335994	192.600865
22	K01E00C-S001-R001-C022-R_out.fits	61099.768546	0.667020	0.011916	1.084292	15491.412965	193.172167
23	K01E00C-S001-R001-C023-R_out.fits	61099.769052	0.692124	0.012536	1.083706	15545.178515	192.800725
24	K01E00C-S001-R001-C024-R_out.fits	61099.769552	0.652995	0.011513	1.083137	15532.279716	192.920485
25	K01E00C-S001-R001-C025-R_out.fits	61099.770039	0.694986	0.012488	1.082593	15711.606782	193.211129
26	K01E00C-S001-R001-C026-R_out.fits	61099.770538	0.682429	0.011973	1.082047	15970.348401	193.815018
27	K01E00C-S001-R001-C027-R_out.fits	61099.771048	0.673077	0.012136	1.081499	15292.165995	191.229313
28	K01E00C-S001-R001-C028-R_out.fits	61099.771549	0.678379	0.012192	1.080972	15418.017528	191.303795
29	K01E00C-S001-R001-C029-R_out.fits	61099.772027	0.680730	0.012193	1.080478	15489.625913	191.455670
30	K01E00C-S001-R001-C030-R_out.fits	61099.772534	0.709814	0.012658	1.079966	15877.509321	192.004531
31	K01E00C-S001-R001-C031-R_out.fits	61099.773097	0.689918	0.012360	1.079409	15627.467548	192.136997
32	K01E00C-S001-R001-C032-R_out.fits	61099.773617	0.656022	0.011827	1.078905	15184.739636	192.794654
33	K01E00C-S001-R001-C033-R_out.fits	61099.774164	0.677044	0.012136	1.078389	15458.175324	191.383537
34	K01E00C-S001-R001-C034-R_out.fits	61099.774664	0.672512	0.012086	1.077927	15451.888111	193.608393
35	K01E00C-S001-R001-C035-R_out.fits	61099.775143	0.663599	0.011739	1.077495	15450.345420	190.882255
36	K01E00C-S001-R001-C036-R_out.fits	61099.775641	0.695823	0.012363	1.077055	15730.142603	191.707302
37	K01E00C-S001-R001-C037-R_out.fits	61099.776118	0.649886	0.011459	1.076644	15240.705629	190.013999
38	K01E00C-S001-R001-C038-R_out.fits	61099.776599	0.677195	0.011744	1.076239	15873.637530	190.611087
39	K01E00C-S001-R001-C039-R_out.fits	61099.777097	0.696787	0.012328	1.075829	15804.913494	191.872602
40	K01E00C-S001-R001-C040-R_out.fits	61099.777596	0.685738	0.012060	1.075428	15767.846726	191.682644
41	K01E00C-S001-R001-C041-R_out.fits	61099.778105	0.688709	0.012051	1.075031	15850.109494	190.846235
42	K01E00C-S001-R001-C042-R_out.fits	61099.778603	0.689033	0.012142	1.074651	15743.976174	191.415471
43	K01E00C-S001-R001-C043-R_out.fits	61099.779082	0.682604	0.012032	1.074297	15652.483498	190.625448
44	K01E00C-S001-R001-C044-R_out.fits	61099.779558	0.693143	0.012086	1.073952	15950.892182	191.079145
45	K01E00C-S001-R001-C045-R_out.fits	61099.780056	0.702738	0.012315	1.073603	15921.568925	190.526818
46	K01E00C-S001-R001-C046-R_out.fits	61099.780555	0.682005	0.011889	1.073263	15673.497596	188.937083
47	K01E00C-S001-R001-C047-R_out.fits	61099.781055	0.680772	0.011940	1.072932	15568.946784	189.692890
48	K01E00C-S001-R001-C048-R_out.fits	61099.781564	0.674387	0.011622	1.072606	15786.952798	190.520925
49	K01E00C-S001-R001-C049-R_out.fits	61099.782063	0.708999	0.012338	1.072296	15997.136408	189.934285
50	K01E00C-S001-R001-C050-R_out.fits	61099.782562	0.689758	0.011920	1.071996	15874.357079	189.676567
51	K01E00C-S001-R001-C051-R_out.fits	61099.783038	0.682764	0.011975	1.071720	15566.806628	189.395654
52	K01E00C-S001-R001-C052-R_out.fits	61099.783542	0.682762	0.011887	1.071436	15625.874404	188.723066
53	K01E00C-S001-R001-C053-R_out.fits	61099.784021	0.685182	0.011820	1.071177	15825.610896	189.437919
54	K01E00C-S001-R001-C054-R_out.fits	61099.784519	0.712562	0.012200	1.070917	16241.705325	189.221252
55	K01E00C-S001-R001-C055-R_out.fits	61099.785026	0.668912	0.011584	1.070662	15409.410051	186.952884
56	K01E00C-S001-R001-C056-R_out.fits	61099.785540	0.726036	0.012507	1.070415	16192.451460	188.149176
57	K01E00C-S001-R001-C057-R_out.fits	61099.786038	0.684447	0.011765	1.070185	15656.261083	187.098284
58	K01E00C-S001-R001-C058-R_out.fits	61099.786513	0.700751	0.011926	1.069975	16012.778689	187.034078
59	K01E00C-S001-R001-C059-R_out.fits	61099.787029	0.691304	0.011724	1.069758	15942.200926	186.766530
60	K01E00C-S001-R001-C060-R_out.fits	61099.787506	0.692651	0.011903	1.069566	15755.408340	187.094486
61	K01E00C-S001-R001-C061-R_out.fits	61099.787981	0.689744	0.011644	1.069383	16013.320468	187.386908
62	K01E00C-S001-R001-C062-R_out.fits	61099.788490	0.675940	0.011736	1.069198	15301.705498	185.064261
63	K01E00C-S001-R001-C063-R_out.fits	61099.788967	0.694290	0.011774	1.069034	15967.299246	187.294713
64	K01E00C-S001-R001-C064-R_out.fits	61099.789466	0.712889	0.012206	1.068872	15941.492095	186.126112
65	K01E00C-S001-R001-C065-R_out.fits	61099.789943	0.682985	0.011567	1.068726	15714.352755	184.876601
66	K01E00C-S001-R001-C066-R_out.fits	61099.790453	0.695175	0.011769	1.068581	15797.069286	184.295078
67	K01E00C-S001-R001-C067-R_out.fits	61099.790930	0.669498	0.011311	1.068454	15532.843031	183.972374
68	K01E00C-S001-R001-C068-R_out.fits	61099.791407	0.693113	0.011742	1.068336	15760.548949	184.013920
69	K01E00C-S001-R001-C069-R_out.fits	61099.791892	0.663583	0.011297	1.068225	15269.862836	183.202226
70	K01E00C-S001-R001-C070-R_out.fits	61099.792369	0.671214	0.011465	1.068125	15309.805122	183.228537
71	K01E00C-S001-R001-C071-R_out.fits	61099.792867	0.691847	0.011670	1.068031	15742.434684	183.988051
72	K01E00C-S001-R001-C072-R_out.fits	61099.793387	0.680944	0.011528	1.067942	15476.763481	182.713835
73	K01E00C-S001-R001-C073-R_out.fits	61099.793886	0.675247	0.011418	1.067868	15391.297381	182.010103
74	K01E00C-S001-R001-C074-R_out.fits	61099.794363	0.656820	0.011281	1.067805	14872.014292	181.133130
75	K01E00C-S001-R001-C075-R_out.fits	61099.794842	0.673623	0.011386	1.067752	15281.620128	181.094098
76	K01E00C-S001-R001-C076-R_out.fits	61099.795320	0.669139	0.011385	1.067708	15065.412541	179.740117
77	K01E00C-S001-R001-C077-R_out.fits	61099.795797	0.678024	0.011494	1.067672	15200.551210	179.853163
78	K01E00C-S001-R001-C078-R_out.fits	61099.796273	0.647372	0.010815	1.067646	15009.048846	178.777681
79	K01E00C-S001-R001-C001-R_out.fits	61099.758157	0.683058	0.012560	1.098779	15551.973687	195.658870
80	K01E00C-S001-R001-C002-R_out.fits	61099.758649	0.677121	0.012569	1.097985	15272.036819	195.851720
81	K01E00C-S001-R001-C003-R_out.fits	61099.759147	0.709712	0.013073	1.097192	15782.079648	196.134753
82	K01E00C-S001-R001-C004-R_out.fits	61099.759626	0.709332	0.013268	1.096442	15449.484765	194.393650
83	K01E00C-S001-R001-C005-R_out.fits	61099.760125	0.720712	0.013272	1.095669	15872.085065	195.552636
84	K01E00C-S001-R001-C006-R_out.fits	61099.760627	0.697753	0.012645	1.094904	15863.830296	195.603695
85	K01E00C-S001-R001-C007-R_out.fits	61099.761103	0.716433	0.013089	1.094188	15964.837213	195.923286
86	K01E00C-S001-R001-C008-R_out.fits	61099.761602	0.700967	0.012783	1.093449	15724.013033	194.251457
87	K01E00C-S001-R001-C009-R_out.fits	61099.762107	0.694066	0.012818	1.092713	15432.599088	194.497576
88	K01E00C-S001-R001-C010-R_out.fits	61099.762607	0.690968	0.012623	1.091995	15533.359510	193.754727
89	K01E00C-S001-R001-C011-R_out.fits	61099.763107	0.696944	0.012823	1.091287	15452.106731	193.729030
90	K01E00C-S001-R001-C012-R_out.fits	61099.763605	0.671021	0.012290	1.090593	15234.645478	193.325590
91	K01E00C-S001-R001-C013-R_out.fits	61099.764104	0.691974	0.012609	1.089908	15518.341592	193.159068
92	K01E00C-S001-R001-C014-R_out.fits	61099.764604	0.684845	0.012602	1.089234	15284.924619	192.857078
93	K01E00C-S001-R001-C015-R_out.fits	61099.765102	0.710147	0.012926	1.088572	15803.085609	194.532173
94	K01E00C-S001-R001-C016-R_out.fits	61099.765612	0.692395	0.012621	1.087907	15487.580714	192.629426
95	K01E00C-S001-R001-C017-R_out.fits	61099.766112	0.688472	0.012594	1.087264	15364.108409	192.272285
96	K01E00C-S001-R001-C018-R_out.fits	61099.766609	0.690531	0.012671	1.086637	15281.243986	191.742441
97	K01E00C-S001-R001-C019-R_out.fits	61099.767108	0.686801	0.012351	1.086017	15626.419391	192.657194
98	K01E00C-S001-R001-C020-R_out.fits	61099.767586	0.698838	0.012619	1.085434	15645.254263	191.725184
99	K01E00C-S001-R001-C021-R_out.fits	61099.768062	0.701167	0.012718	1.084862	15639.335994	192.600865
100	K01E00C-S001-R001-C022-R_out.fits	61099.768546	0.687064	0.012462	1.084292	15491.412965	193.172167
101	K01E00C-S001-R001-C023-R_out.fits	61099.769052	0.718120	0.013259	1.083706	15545.178515	192.800725
102	K01E00C-S001-R001-C024-R_out.fits	61099.769552	0.691010	0.012542	1.083137	15532.279716	192.920485
103	K01E00C-S001-R001-C025-R_out.fits	61099.770039	0.713844	0.013019	1.082593	15711.606782	193.211129
104	K01E00C-S001-R001-C026-R_out.fits	61099.770538	0.701044	0.012483	1.082047	15970.348401	193.815018
105	K01E00C-S001-R001-C027-R_out.fits	61099.771048	0.697457	0.012810	1.081499	15292.165995	191.229313
106	K01E00C-S001-R001-C028-R_out.fits	61099.771549	0.705310	0.012932	1.080972	15418.017528	191.303795
107	K01E00C-S001-R001-C029-R_out.fits	61099.772027	0.701344	0.012769	1.080478	15489.625913	191.455670
108	K01E00C-S001-R001-C030-R_out.fits	61099.772534	0.722915	0.013041	1.079966	15877.509321	192.004531
109	K01E00C-S001-R001-C031-R_out.fits	61099.773097	0.706677	0.012824	1.079409	15627.467548	192.136997
110	K01E00C-S001-R001-C032-R_out.fits	61099.773617	0.678846	0.012480	1.078905	15184.739636	192.794654
111	K01E00C-S001-R001-C033-R_out.fits	61099.774164	0.709942	0.013024	1.078389	15458.175324	191.383537
112	K01E00C-S001-R001-C034-R_out.fits	61099.774664	0.694259	0.012681	1.077927	15451.888111	193.608393
113	K01E00C-S001-R001-C035-R_out.fits	61099.775143	0.687632	0.012363	1.077495	15450.345420	190.882255
114	K01E00C-S001-R001-C036-R_out.fits	61099.775641	0.721702	0.013081	1.077055	15730.142603	191.707302
115	K01E00C-S001-R001-C037-R_out.fits	61099.776118	0.677683	0.012207	1.076644	15240.705629	190.013999
116	K01E00C-S001-R001-C038-R_out.fits	61099.776599	0.708594	0.012586	1.076239	15873.637530	190.611087
117	K01E00C-S001-R001-C039-R_out.fits	61099.777097	0.709642	0.012694	1.075829	15804.913494	191.872602
118	K01E00C-S001-R001-C040-R_out.fits	61099.777596	0.717145	0.012919	1.075428	15767.846726	191.682644
119	K01E00C-S001-R001-C041-R_out.fits	61099.778105	0.720911	0.012924	1.075031	15850.109494	190.846235
120	K01E00C-S001-R001-C042-R_out.fits	61099.778603	0.701945	0.012504	1.074651	15743.976174	191.415471
121	K01E00C-S001-R001-C043-R_out.fits	61099.779082	0.703954	0.012594	1.074297	15652.483498	190.625448
122	K01E00C-S001-R001-C044-R_out.fits	61099.779558	0.728942	0.013030	1.073952	15950.892182	191.079145
123	K01E00C-S001-R001-C045-R_out.fits	61099.780056	0.715685	0.012664	1.073603	15921.568925	190.526818
124	K01E00C-S001-R001-C046-R_out.fits	61099.780555	0.712019	0.012683	1.073263	15673.497596	188.937083
125	K01E00C-S001-R001-C047-R_out.fits	61099.781055	0.710726	0.012737	1.072932	15568.946784	189.692890
126	K01E00C-S001-R001-C048-R_out.fits	61099.781564	0.707606	0.012487	1.072606	15786.952798	190.520925
127	K01E00C-S001-R001-C049-R_out.fits	61099.782063	0.738715	0.013146	1.072296	15997.136408	189.934285
128	K01E00C-S001-R001-C050-R_out.fits	61099.782562	0.711407	0.012488	1.071996	15874.357079	189.676567
129	K01E00C-S001-R001-C051-R_out.fits	61099.783038	0.704576	0.012549	1.071720	15566.806628	189.395654
130	K01E00C-S001-R001-C052-R_out.fits	61099.783542	0.705979	0.012518	1.071436	15625.874404	188.723066
131	K01E00C-S001-R001-C053-R_out.fits	61099.784021	0.711727	0.012514	1.071177	15825.610896	189.437919
132	K01E00C-S001-R001-C054-R_out.fits	61099.784519	0.756504	0.013346	1.070917	16241.705325	189.221252
133	K01E00C-S001-R001-C055-R_out.fits	61099.785026	0.710701	0.012677	1.070662	15409.410051	186.952884
134	K01E00C-S001-R001-C056-R_out.fits	61099.785540	0.749351	0.013131	1.070415	16192.451460	188.149176
135	K01E00C-S001-R001-C057-R_out.fits	61099.786038	0.710115	0.012435	1.070185	15656.261083	187.098284
136	K01E00C-S001-R001-C058-R_out.fits	61099.786513	0.720192	0.012429	1.069975	16012.778689	187.034078
137	K01E00C-S001-R001-C059-R_out.fits	61099.787029	0.723701	0.012559	1.069758	15942.200926	186.766530
138	K01E00C-S001-R001-C060-R_out.fits	61099.787506	0.719135	0.012589	1.069566	15755.408340	187.094486
139	K01E00C-S001-R001-C061-R_out.fits	61099.787981	0.718456	0.012386	1.069383	16013.320468	187.386908
140	K01E00C-S001-R001-C062-R_out.fits	61099.788490	0.699900	0.012356	1.069198	15301.705498	185.064261
141	K01E00C-S001-R001-C063-R_out.fits	61099.788967	0.733015	0.012771	1.069034	15967.299246	187.294713
142	K01E00C-S001-R001-C064-R_out.fits	61099.789466	0.724712	0.012530	1.068872	15941.492095	186.126112
143	K01E00C-S001-R001-C065-R_out.fits	61099.789943	0.720489	0.012527	1.068726	15714.352755	184.876601
144	K01E00C-S001-R001-C066-R_out.fits	61099.790453	0.719683	0.012408	1.068581	15797.069286	184.295078
145	K01E00C-S001-R001-C067-R_out.fits	61099.790930	0.700350	0.012107	1.068454	15532.843031	183.972374
146	K01E00C-S001-R001-C068-R_out.fits	61099.791407	0.721558	0.012464	1.068336	15760.548949	184.013920
147	K01E00C-S001-R001-C069-R_out.fits	61099.791892	0.692688	0.012043	1.068225	15269.862836	183.202226
148	K01E00C-S001-R001-C070-R_out.fits	61099.792369	0.710178	0.012476	1.068125	15309.805122	183.228537
149	K01E00C-S001-R001-C071-R_out.fits	61099.792867	0.735957	0.012809	1.068031	15742.434684	183.988051
150	K01E00C-S001-R001-C072-R_out.fits	61099.793387	0.706920	0.012202	1.067942	15476.763481	182.713835
151	K01E00C-S001-R001-C073-R_out.fits	61099.793886	0.709701	0.012317	1.067868	15391.297381	182.010103
152	K01E00C-S001-R001-C074-R_out.fits	61099.794363	0.677344	0.011814	1.067805	14872.014292	181.133130
153	K01E00C-S001-R001-C075-R_out.fits	61099.794842	0.724908	0.012674	1.067752	15281.620128	181.094098
154	K01E00C-S001-R001-C076-R_out.fits	61099.795320	0.697472	0.012097	1.067708	15065.412541	179.740117
155	K01E00C-S001-R001-C077-R_out.fits	61099.795797	0.700121	0.012046	1.067672	15200.551210	179.853163
156	K01E00C-S001-R001-C078-R_out.fits	61099.796273	0.684387	0.011741	1.067646	15009.048846	178.777681
157	K01E00C-S001-R001-C080-R_out.fits	61099.799340	0.672204	0.011614	1.067685	14215.001971	172.355055
158	K01E00C-S001-R001-C081-R_out.fits	61099.799824	0.657876	0.011226	1.067733	14209.966026	172.278273
159	K01E00C-S001-R001-C082-R_out.fits	61099.800346	0.673290	0.011482	1.067788	14290.175266	171.206864
160	K01E00C-S001-R001-C083-R_out.fits	61099.800822	0.670797	0.011365	1.067847	14381.725204	171.556229
161	K01E00C-S001-R001-C084-R_out.fits	61099.801320	0.658853	0.011073	1.067919	14338.590327	171.170222
162	K01E00C-S001-R001-C085-R_out.fits	61099.801821	0.667903	0.011243	1.068001	14378.597046	170.698856
163	K01E00C-S001-R001-C086-R_out.fits	61099.802300	0.658423	0.011127	1.068089	14195.035209	170.404423
164	K01E00C-S001-R001-C087-R_out.fits	61099.802800	0.649381	0.010925	1.068190	14077.693199	169.320142
165	K01E00C-S001-R001-C088-R_out.fits	61099.803277	0.646146	0.010853	1.068296	13971.731262	168.253698
166	K01E00C-S001-R001-C089-R_out.fits	61099.803788	0.664095	0.011226	1.068419	13980.683739	167.466687
167	K01E00C-S001-R001-C090-R_out.fits	61099.804293	0.655461	0.010886	1.068551	14191.305490	167.795857
168	K01E00C-S001-R001-C091-R_out.fits	61099.804773	0.651223	0.010893	1.068686	13956.342263	166.784094
169	K01E00C-S001-R001-C092-R_out.fits	61099.805273	0.633565	0.010605	1.068836	13731.692969	165.888767
170	K01E00C-S001-R001-C093-R_out.fits	61099.805767	0.662010	0.010887	1.068994	14310.075227	167.712008
171	K01E00C-S001-R001-C094-R_out.fits	61099.806243	0.650289	0.010740	1.069156	14018.895993	165.940958
172	K01E00C-S001-R001-C095-R_out.fits	61099.806723	0.674568	0.011071	1.069328	14316.077104	166.018744
173	K01E00C-S001-R001-C096-R_out.fits	61099.807234	0.674016	0.011082	1.069521	14223.067532	164.885715
174	K01E00C-S001-R001-C097-R_out.fits	61099.807733	0.670581	0.010890	1.069719	14326.450808	164.642206
175	K01E00C-S001-R001-C098-R_out.fits	61099.808212	0.691952	0.011223	1.069920	14456.253687	164.061712
176	K01E00C-S001-R001-C099-R_out.fits	61099.808720	0.690903	0.011101	1.070142	14604.564352	164.547673
177	K01E00C-S001-R001-C100-R_out.fits	61099.809200	0.681695	0.010954	1.070361	14502.452688	164.683396
178	K01E00C-S001-R001-C101-R_out.fits	61099.809679	0.683453	0.011015	1.070590	14331.385320	162.975942
179	K01E00C-S001-R001-C102-R_out.fits	61099.810155	0.685417	0.010812	1.070825	14675.225603	163.405393
180	K01E00C-S001-R001-C103-R_out.fits	61099.810635	0.662394	0.010394	1.071072	14436.500729	162.244135
181	K01E00C-S001-R001-C104-R_out.fits	61099.811114	0.673918	0.010474	1.071328	14680.427801	162.259203
182	K01E00C-S001-R001-C105-R_out.fits	61099.811593	0.685525	0.010641	1.071593	14829.944940	162.773066
183	K01E00C-S001-R001-C106-R_out.fits	61099.812103	0.694602	0.010686	1.071885	15004.380906	162.515685
184	K01E00C-S001-R001-C107-R_out.fits	61099.812580	0.702907	0.010796	1.072168	15063.563431	162.158383
185	K01E00C-S001-R001-C108-R_out.fits	61099.813057	0.682244	0.010468	1.072460	14776.709114	161.131634
186	K01E00C-S001-R001-C109-R_out.fits	61099.813559	0.703388	0.010642	1.072777	15265.375056	162.800135
187	K01E00C-S001-R001-C110-R_out.fits	61099.814057	0.730705	0.010941	1.073102	15678.631019	162.994405
188	K01E00C-S001-R001-C111-R_out.fits	61099.814556	0.730767	0.010982	1.073437	15574.114439	162.543589
189	K01E00C-S001-R001-C112-R_out.fits	61099.815033	0.702502	0.010734	1.073767	14917.987936	160.867287
190	K01E00C-S001-R001-C113-R_out.fits	61099.815544	0.711669	0.010780	1.074131	15178.619387	161.412220
191	K01E00C-S001-R001-C114-R_out.fits	61099.816045	0.699137	0.010642	1.074498	14938.488054	160.679815
192	K01E00C-S001-R001-C115-R_out.fits	61099.816543	0.721475	0.010832	1.074873	15454.582962	162.080357
193	K01E00C-S001-R001-C116-R_out.fits	61099.817029	0.708887	0.010591	1.075249	15326.098319	161.617050
194	K01E00C-S001-R001-C117-R_out.fits	61099.817527	0.705668	0.010475	1.075644	15406.686021	161.908849
195	K01E00C-S001-R001-C118-R_out.fits	61099.818027	0.710741	0.010671	1.076051	15235.375038	161.871322
196	K01E00C-S001-R001-C119-R_out.fits	61099.818514	0.703907	0.010510	1.076457	15257.421559	161.666209
197	K01E00C-S001-R001-C120-R_out.fits	61099.819020	0.723978	0.010748	1.076889	15559.628947	161.730672
198	K01E00C-S001-R001-C121-R_out.fits	61099.819499	0.704094	0.010508	1.077308	15185.865924	160.247557
199	K01E00C-S001-R001-C122-R_out.fits	61099.819977	0.709710	0.010561	1.077736	15332.184204	160.802614
200	K01E00C-S001-R001-C123-R_out.fits	61099.820476	0.717747	0.010641	1.078192	15403.531992	159.906113
201	K01E00C-S001-R001-C124-R_out.fits	61099.820953	0.703026	0.010361	1.078638	15301.097165	159.200332
202	K01E00C-S001-R001-C125-R_out.fits	61099.821451	0.719428	0.010689	1.079114	15256.206507	158.954206
203	K01E00C-S001-R001-C126-R_out.fits	61099.821927	0.703305	0.010464	1.079577	15110.527379	158.849310
204	K01E00C-S001-R001-C127-R_out.fits	61099.822431	0.713663	0.010547	1.080080	15381.005674	159.749045
205	K01E00C-S001-R001-C128-R_out.fits	61099.822909	0.710649	0.010520	1.080566	15272.477226	159.183126
206	K01E00C-S001-R001-C129-R_out.fits	61099.823386	0.721385	0.010621	1.081059	15512.570200	159.972591
207	K01E00C-S001-R001-C130-R_out.fits	61099.823894	0.696115	0.010156	1.081596	15393.361371	159.185931
208	K01E00C-S001-R001-C131-R_out.fits	61099.824392	0.705720	0.010333	1.082133	15375.891279	158.964656
209	K01E00C-S001-R001-C132-R_out.fits	61099.824890	0.715323	0.010553	1.082680	15381.037635	159.398961
210	K01E00C-S001-R001-C133-R_out.fits	61099.825367	0.707465	0.010388	1.083214	15396.395067	159.350803
211	K01E00C-S001-R001-C134-R_out.fits	61099.825865	0.729945	0.010792	1.083782	15610.222379	160.745892
212	K01E00C-S001-R001-C135-R_out.fits	61099.826363	0.727335	0.010792	1.084361	15465.949407	159.544717
213	K01E00C-S001-R001-C136-R_out.fits	61099.826862	0.727932	0.010777	1.084950	15536.304506	160.309944
214	K01E00C-S001-R001-C137-R_out.fits	61099.827367	0.712301	0.010570	1.085559	15303.664040	158.966916
215	K01E00C-S001-R001-C138-R_out.fits	61099.827866	0.707132	0.010444	1.086170	15387.270577	159.699634
216	K01E00C-S001-R001-C139-R_out.fits	61099.828344	0.715968	0.010565	1.086766	15473.509093	159.950398
217	K01E00C-S001-R001-C140-R_out.fits	61099.828845	0.708923	0.010443	1.087401	15453.800488	160.240003
