#	Label	J.D.-2400000	rel_flux_T1	rel_flux_err_T1	AIRMASS	Source-Sky_T1	Source_Error_T1
1	K01E00C-S001-R001-C001-R_out.fits	61108.633704	0.361301	0.006692	1.371900	10759.397051	169.575023
2	K01E00C-S001-R001-C002-R_out.fits	61108.634549	0.377807	0.006691	1.366917	11447.576500	170.266735
3	K01E00C-S001-R001-C003-R_out.fits	61108.635407	0.388706	0.006556	1.361931	12284.800889	173.128932
4	K01E00C-S001-R001-C004-R_out.fits	61108.636265	0.374763	0.007369	1.357021	10089.080298	167.341057
5	K01E00C-S001-R001-C005-R_out.fits	61108.637109	0.371665	0.006985	1.352261	10591.182221	167.985427
6	K01E00C-S001-R001-C006-R_out.fits	61108.637963	0.367206	0.006992	1.347520	10383.544381	167.459239
7	K01E00C-S001-R001-C007-R_out.fits	61108.638786	0.369307	0.007080	1.343016	10265.000810	166.300921
8	K01E00C-S001-R001-C008-R_out.fits	61108.639663	0.358273	0.006502	1.338289	10876.447858	168.137785
9	K01E00C-S001-R001-C009-R_out.fits	61108.640509	0.367477	0.006986	1.333795	10350.821115	166.465119
10	K01E00C-S001-R001-C010-R_out.fits	61108.641356	0.352018	0.006671	1.329365	10252.756851	165.996296
11	K01E00C-S001-R001-C011-R_out.fits	61108.642198	0.350721	0.006246	1.325026	11112.187273	169.476860
12	K01E00C-S001-R001-C012-R_out.fits	61108.643023	0.365043	0.006980	1.320836	10254.389171	166.167339
13	K01E00C-S001-R001-C013-R_out.fits	61108.643868	0.366860	0.006383	1.316610	11524.850989	169.873836
14	K01E00C-S001-R001-C014-R_out.fits	61108.644692	0.363817	0.006315	1.312555	11521.193146	169.578643
15	K01E00C-S001-R001-C015-R_out.fits	61108.645539	0.366954	0.006300	1.308439	11669.979337	169.711395
16	K01E00C-S001-R001-C016-R_out.fits	61108.646384	0.352162	0.006110	1.304399	11400.310042	169.092936
17	K01E00C-S001-R001-C017-R_out.fits	61108.647214	0.364399	0.006295	1.300490	11538.648857	169.071457
18	K01E00C-S001-R001-C018-R_out.fits	61108.648060	0.359643	0.006088	1.296563	11842.186078	170.664719
19	K01E00C-S001-R001-C019-R_out.fits	61108.648886	0.358063	0.006096	1.292791	11720.724491	169.987037
20	K01E00C-S001-R001-C020-R_out.fits	61108.649713	0.381289	0.006448	1.289066	12078.350084	171.516212
21	K01E00C-S001-R001-C021-R_out.fits	61108.650544	0.371856	0.006289	1.285383	11951.801321	170.716954
22	K01E00C-S001-R001-C022-R_out.fits	61108.651389	0.376437	0.006043	1.281689	12812.488510	173.353221
23	K01E00C-S001-R001-C023-R_out.fits	61108.652236	0.369195	0.006522	1.278049	11289.946425	168.744142
24	K01E00C-S001-R001-C024-R_out.fits	61108.653070	0.368462	0.006427	1.274517	11525.807940	170.306988
25	K01E00C-S001-R001-C025-R_out.fits	61108.653926	0.383578	0.006541	1.270946	11990.372297	171.643231
26	K01E00C-S001-R001-C026-R_out.fits	61108.654755	0.380751	0.006521	1.267546	11825.599823	170.119763
27	K01E00C-S001-R001-C027-R_out.fits	61108.655580	0.366561	0.006243	1.264209	11799.544463	170.383569
28	K01E00C-S001-R001-C028-R_out.fits	61108.656406	0.369218	0.006480	1.260920	11383.989203	168.934943
29	K01E00C-S001-R001-C029-R_out.fits	61108.657252	0.379055	0.006534	1.257603	11731.304828	170.023596
30	K01E00C-S001-R001-C030-R_out.fits	61108.658107	0.365612	0.006635	1.254305	10902.401267	167.740629
31	K01E00C-S001-R001-C031-R_out.fits	61108.658954	0.375795	0.006376	1.251092	11933.036366	170.606626
32	K01E00C-S001-R001-C032-R_out.fits	61108.659780	0.375067	0.006764	1.248006	11094.232933	168.791797
33	K01E00C-S001-R001-C033-R_out.fits	61108.660626	0.362293	0.006199	1.244894	11698.333715	170.076857
34	K01E00C-S001-R001-C034-R_out.fits	61108.661498	0.370320	0.006153	1.241741	12167.422259	170.928306
35	K01E00C-S001-R001-C035-R_out.fits	61108.662346	0.371483	0.006254	1.238722	11988.803544	170.647103
36	K01E00C-S001-R001-C036-R_out.fits	61108.663170	0.379560	0.006225	1.235838	12442.673784	171.624549
37	K01E00C-S001-R001-C037-R_out.fits	61108.664000	0.367903	0.006411	1.232980	11401.716204	168.243025
38	K01E00C-S001-R001-C038-R_out.fits	61108.664846	0.371029	0.006468	1.230112	11430.243729	168.463041
39	K01E00C-S001-R001-C039-R_out.fits	61108.665695	0.371533	0.006270	1.227285	11885.670540	169.537956
40	K01E00C-S001-R001-C040-R_out.fits	61108.666543	0.397326	0.006657	1.224507	12231.859982	170.384164
41	K01E00C-S001-R001-C041-R_out.fits	61108.667367	0.366484	0.006151	1.221850	11977.061149	170.450311
42	K01E00C-S001-R001-C042-R_out.fits	61108.668214	0.379875	0.006331	1.219166	12162.138094	170.419580
43	K01E00C-S001-R001-C043-R_out.fits	61108.669062	0.374432	0.006166	1.216526	12309.012905	171.094610
44	K01E00C-S001-R001-C044-R_out.fits	61108.669915	0.392004	0.006377	1.213915	12682.566923	172.172154
45	K01E00C-S001-R001-C045-R_out.fits	61108.670761	0.378261	0.006268	1.211372	12239.031168	170.754692
46	K01E00C-S001-R001-C046-R_out.fits	61108.671593	0.386998	0.006302	1.208913	12577.074016	171.287845
47	K01E00C-S001-R001-C047-R_out.fits	61108.672439	0.375159	0.006542	1.206455	11458.121425	168.423994
48	K01E00C-S001-R001-C048-R_out.fits	61108.673285	0.380995	0.006521	1.204040	11777.285168	169.451419
49	K01E00C-S001-R001-C049-R_out.fits	61108.674108	0.378773	0.006459	1.201733	11791.960250	169.093870
50	K01E00C-S001-R001-C050-R_out.fits	61108.674935	0.370754	0.006356	1.199459	11658.822351	169.150169
51	K01E00C-S001-R001-C051-R_out.fits	61108.675764	0.368835	0.006345	1.197217	11571.436077	168.475371
52	K01E00C-S001-R001-C052-R_out.fits	61108.676622	0.380794	0.006350	1.194939	12193.827392	171.068348
53	K01E00C-S001-R001-C053-R_out.fits	61108.677449	0.385520	0.006496	1.192783	12036.843855	169.865597
54	K01E00C-S001-R001-C054-R_out.fits	61108.678274	0.376355	0.006322	1.190674	12014.250578	170.029523
55	K01E00C-S001-R001-C055-R_out.fits	61108.679118	0.375147	0.006329	1.188555	11935.053964	169.781991
56	K01E00C-S001-R001-C056-R_out.fits	61108.679948	0.373019	0.006329	1.186509	11816.367328	169.251231
57	K01E00C-S001-R001-C057-R_out.fits	61108.680782	0.367869	0.006193	1.184495	11885.535387	169.529628
58	K01E00C-S001-R001-C058-R_out.fits	61108.681607	0.373464	0.006466	1.182541	11537.089386	168.621680
59	K01E00C-S001-R001-C059-R_out.fits	61108.682456	0.360169	0.006027	1.180568	11868.142971	169.125342
60	K01E00C-S001-R001-C060-R_out.fits	61108.683280	0.363088	0.005996	1.178694	12095.095263	169.755374
61	K01E00C-S001-R001-C061-R_out.fits	61108.684106	0.377032	0.006128	1.176850	12498.250426	171.298806
62	K01E00C-S001-R001-C062-R_out.fits	61108.684953	0.349889	0.005921	1.174996	11672.417022	169.194275
63	K01E00C-S001-R001-C063-R_out.fits	61108.685801	0.384883	0.006183	1.173182	12783.386231	172.203803
64	K01E00C-S001-R001-C064-R_out.fits	61108.686646	0.387013	0.006205	1.171410	12890.490903	173.305442
65	K01E00C-S001-R001-C065-R_out.fits	61108.687475	0.374856	0.006106	1.169711	12518.646523	172.225157
66	K01E00C-S001-R001-C066-R_out.fits	61108.688299	0.390162	0.006253	1.168056	12918.134503	173.047730
67	K01E00C-S001-R001-C067-R_out.fits	61108.689127	0.365974	0.005886	1.166430	12600.732700	171.730827
68	K01E00C-S001-R001-C068-R_out.fits	61108.689954	0.376119	0.006089	1.164840	12609.066429	172.148867
69	K01E00C-S001-R001-C069-R_out.fits	61108.690800	0.367505	0.005889	1.163250	12661.969152	172.037857
70	K01E00C-S001-R001-C070-R_out.fits	61108.691627	0.368707	0.006037	1.161735	12338.983648	171.153879
71	K01E00C-S001-R001-C071-R_out.fits	61108.692450	0.363605	0.005900	1.160257	12432.824313	171.479040
72	K01E00C-S001-R001-C072-R_out.fits	61108.693276	0.374400	0.006034	1.158812	12639.060259	171.891756
73	K01E00C-S001-R001-C073-R_out.fits	61108.694122	0.382264	0.006075	1.157365	12949.547307	172.943557
74	K01E00C-S001-R001-C074-R_out.fits	61108.694969	0.377703	0.006055	1.155955	12763.515534	172.366905
75	K01E00C-S001-R001-C075-R_out.fits	61108.695817	0.368327	0.005975	1.154576	12462.499734	171.318362
76	K01E00C-S001-R001-C076-R_out.fits	61108.696643	0.372851	0.006052	1.153269	12518.796471	171.895314
77	K01E00C-S001-R001-C077-R_out.fits	61108.697491	0.363269	0.005994	1.151962	12156.471354	170.530566
78	K01E00C-S001-R001-C078-R_out.fits	61108.698319	0.372437	0.006081	1.150720	12424.052134	171.457311
79	K01E00C-S001-R001-C079-R_out.fits	61108.699148	0.378996	0.006070	1.149509	12780.302524	172.233373
80	K01E00C-S001-R001-C080-R_out.fits	61108.699972	0.379471	0.006078	1.148339	12817.094370	172.710508
81	K01E00C-S001-R001-C081-R_out.fits	61108.700818	0.385956	0.006143	1.147172	12981.148452	173.280026
82	K01E00C-S001-R001-C082-R_out.fits	61108.701643	0.372484	0.005983	1.146066	12702.632121	172.386319
83	K01E00C-S001-R001-C083-R_out.fits	61108.702470	0.380555	0.006113	1.144991	12794.940980	172.946596
84	K01E00C-S001-R001-C084-R_out.fits	61108.703295	0.362172	0.005903	1.143951	12361.645234	171.414743
85	K01E00C-S001-R001-C085-R_out.fits	61108.704142	0.376469	0.006028	1.142917	12799.515321	172.963208
86	K01E00C-S001-R001-C086-R_out.fits	61108.704965	0.377104	0.006109	1.141944	12604.443644	172.041328
87	K01E00C-S001-R001-C087-R_out.fits	61108.705787	0.386131	0.006130	1.141004	12995.963730	172.951992
88	K01E00C-S001-R001-C088-R_out.fits	61108.706616	0.379756	0.006108	1.140088	12717.963459	172.175350
89	K01E00C-S001-R001-C089-R_out.fits	61108.707443	0.386829	0.006228	1.139208	12802.483436	172.910387
90	K01E00C-S001-R001-C090-R_out.fits	61108.708267	0.386839	0.006161	1.138360	12911.166959	172.209632
91	K01E00C-S001-R001-C091-R_out.fits	61108.709114	0.384541	0.006077	1.137523	13044.667221	173.081823
92	K01E00C-S001-R001-C092-R_out.fits	61108.709960	0.393991	0.006316	1.136719	12900.230694	172.663791
93	K01E00C-S001-R001-C093-R_out.fits	61108.710811	0.390150	0.006327	1.135944	12642.664550	171.348808
94	K01E00C-S001-R001-C094-R_out.fits	61108.711660	0.395512	0.006210	1.135204	13265.144920	173.578557
95	K01E00C-S001-R001-C095-R_out.fits	61108.712487	0.408950	0.006365	1.134515	13525.128890	174.102350
96	K01E00C-S001-R001-C096-R_out.fits	61108.713334	0.389053	0.006127	1.133841	13119.547530	172.954979
97	K01E00C-S001-R001-C097-R_out.fits	61108.714180	0.401253	0.006287	1.133200	13283.349294	173.035795
98	K01E00C-S001-R001-C098-R_out.fits	61108.715038	0.402558	0.006249	1.132584	13455.195229	173.306316
99	K01E00C-S001-R001-C099-R_out.fits	61108.715896	0.398384	0.006220	1.132000	13314.643697	173.064834
100	K01E00C-S001-R001-C100-R_out.fits	61108.716719	0.397512	0.006202	1.131471	13318.047221	173.065279
101	K01E00C-S001-R001-C101-R_out.fits	61108.717565	0.416773	0.006481	1.130960	13630.943022	174.753056
102	K01E00C-S001-R001-C102-R_out.fits	61108.718412	0.389590	0.006178	1.130480	12963.433840	172.113269
103	K01E00C-S001-R001-C103-R_out.fits	61108.719269	0.413583	0.006372	1.130027	13718.706488	174.319101
104	K01E00C-S001-R001-C104-R_out.fits	61108.720126	0.401243	0.006171	1.129608	13627.014641	174.418805
105	K01E00C-S001-R001-C105-R_out.fits	61108.720972	0.402580	0.006243	1.129224	13463.754018	173.399183
106	K01E00C-S001-R001-C106-R_out.fits	61108.721818	0.407215	0.006393	1.128874	13300.551616	172.967864
107	K01E00C-S001-R001-C107-R_out.fits	61108.722674	0.403226	0.006279	1.128551	13349.997304	172.379955
108	K01E00C-S001-R001-C108-R_out.fits	61108.723503	0.384648	0.006036	1.128270	13048.908239	171.918482
109	K01E00C-S001-R001-C109-R_out.fits	61108.724348	0.397881	0.006195	1.128014	13306.007823	172.511148
110	K01E00C-S001-R001-C110-R_out.fits	61108.725194	0.401671	0.006301	1.127790	13201.954136	171.983076
111	K01E00C-S001-R001-C111-R_out.fits	61108.726041	0.403482	0.006252	1.127597	13468.263580	173.375661
112	K01E00C-S001-R001-C112-R_out.fits	61108.726896	0.424943	0.006436	1.127434	14059.937210	174.526899
113	K01E00C-S001-R001-C113-R_out.fits	61108.727743	0.422112	0.006425	1.127305	13906.949890	173.729282
114	K01E00C-S001-R001-C114-R_out.fits	61108.728570	0.420815	0.006471	1.127210	13704.493032	173.101837
115	K01E00C-S001-R001-C115-R_out.fits	61108.729395	0.408364	0.006295	1.127144	13522.376565	172.412810
116	K01E00C-S001-R001-C116-R_out.fits	61108.732778	0.430680	0.006764	1.127186	13494.459368	173.153585
117	K01E00C-S001-R001-C117-R_out.fits	61108.733608	0.416221	0.006490	1.127278	13473.974138	173.213690
118	K01E00C-S001-R001-C118-R_out.fits	61108.734436	0.412105	0.006440	1.127397	13428.810217	173.508841
119	K01E00C-S001-R001-C119-R_out.fits	61108.735264	0.402871	0.006419	1.127545	12945.739599	171.424927
120	K01E00C-S001-R001-C120-R_out.fits	61108.736110	0.410551	0.006606	1.127728	12869.101329	171.445173
121	K01E00C-S001-R001-C121-R_out.fits	61108.736968	0.413219	0.006475	1.127946	13391.346317	173.611807
122	K01E00C-S001-R001-C122-R_out.fits	61108.737793	0.408243	0.006345	1.128187	13408.402891	172.636272
123	K01E00C-S001-R001-C123-R_out.fits	61108.738649	0.419325	0.006326	1.128468	14035.870251	174.240792
124	K01E00C-S001-R001-C124-R_out.fits	61108.739477	0.426801	0.006492	1.128771	13939.851501	173.649959
125	K01E00C-S001-R001-C125-R_out.fits	61108.740323	0.409020	0.006359	1.129112	13365.466510	171.850136
126	K01E00C-S001-R001-C126-R_out.fits	61108.741151	0.416364	0.006382	1.129477	13669.770363	172.794942
127	K01E00C-S001-R001-C127-R_out.fits	61108.741975	0.418128	0.006399	1.129869	13697.384576	172.706453
128	K01E00C-S001-R001-C128-R_out.fits	61108.742834	0.407408	0.006261	1.130311	13517.430806	172.351806
129	K01E00C-S001-R001-C129-R_out.fits	61108.743680	0.404802	0.006245	1.130779	13467.892361	172.595539
130	K01E00C-S001-R001-C130-R_out.fits	61108.744511	0.410019	0.006468	1.131269	13106.422831	171.091347
131	K01E00C-S001-R001-C131-R_out.fits	61108.745356	0.412574	0.006331	1.131800	13650.083869	173.023573
132	K01E00C-S001-R001-C132-R_out.fits	61108.746203	0.404358	0.006484	1.132364	12844.550673	170.924885
133	K01E00C-S001-R001-C133-R_out.fits	61108.747051	0.391819	0.006362	1.132961	12475.746715	169.448933
134	K01E00C-S001-R001-C134-R_out.fits	61108.747874	0.394341	0.006407	1.133572	12491.340950	169.569003
135	K01E00C-S001-R001-C135-R_out.fits	61108.748704	0.401548	0.006254	1.134219	13203.616997	170.955857
136	K01E00C-S001-R001-C136-R_out.fits	61108.749564	0.398205	0.006234	1.134921	13145.298505	171.550416
137	K01E00C-S001-R001-C137-R_out.fits	61108.750390	0.406410	0.006381	1.135629	13202.975905	171.915316
138	K01E00C-S001-R001-C138-R_out.fits	61108.751214	0.400783	0.006318	1.136366	13081.373545	171.516056
139	K01E00C-S001-R001-C139-R_out.fits	61108.752048	0.396553	0.006289	1.137143	12900.697365	170.598234
140	K01E00C-S001-R001-C140-R_out.fits	61108.752872	0.384804	0.006089	1.137942	12848.119183	170.725037
141	K01E00C-S001-R001-C141-R_out.fits	61108.753703	0.393546	0.006153	1.138779	13185.449528	172.210844
142	K01E00C-S001-R001-C142-R_out.fits	61108.754551	0.399723	0.006245	1.139668	13246.613157	172.409287
143	K01E00C-S001-R001-C143-R_out.fits	61108.755377	0.399156	0.006269	1.140566	13159.295139	172.052032
144	K01E00C-S001-R001-C144-R_out.fits	61108.756200	0.387912	0.006194	1.141491	12812.753108	171.542116
145	K01E00C-S001-R001-C145-R_out.fits	61108.757023	0.391640	0.006172	1.142449	13047.694529	171.831490
146	K01E00C-S001-R001-C146-R_out.fits	61108.757847	0.380675	0.006254	1.143439	12279.974685	169.932431
147	K01E00C-S001-R001-C147-R_out.fits	61108.758674	0.389128	0.006133	1.144465	12986.567315	171.361307
148	K01E00C-S001-R001-C148-R_out.fits	61108.759530	0.384002	0.006113	1.145562	12805.938004	171.350673
149	K01E00C-S001-R001-C149-R_out.fits	61108.760357	0.383488	0.006031	1.146654	12952.188003	171.011296
150	K01E00C-S001-R001-C150-R_out.fits	61108.761205	0.383463	0.006085	1.147809	12808.967104	170.818948
151	K01E00C-S001-R001-C151-R_out.fits	61108.762052	0.382165	0.006106	1.148998	12676.082200	170.292610
152	K01E00C-S001-R001-C152-R_out.fits	61108.762900	0.397131	0.006158	1.150222	13306.580918	172.079382
153	K01E00C-S001-R001-C153-R_out.fits	61108.763747	0.398715	0.006183	1.151479	13346.385003	172.390374
154	K01E00C-S001-R001-C154-R_out.fits	61108.764594	0.407063	0.006276	1.152771	13507.724863	172.519159
155	K01E00C-S001-R001-C155-R_out.fits	61108.765440	0.402040	0.006243	1.154098	13337.974555	172.134526
156	K01E00C-S001-R001-C156-R_out.fits	61108.766265	0.405792	0.006289	1.155426	13422.948665	172.465863
157	K01E00C-S001-R001-C157-R_out.fits	61108.767119	0.420763	0.006451	1.156835	13831.972452	174.397087
158	K01E00C-S001-R001-C158-R_out.fits	61108.767965	0.401336	0.006212	1.158268	13417.590418	172.696695
159	K01E00C-S001-R001-C159-R_out.fits	61108.768790	0.401259	0.006259	1.159699	13307.471585	172.769235
160	K01E00C-S001-R001-C161-R_out.fits	61108.770438	0.389484	0.006033	1.162664	13328.893837	173.050232
161	K01E00C-S001-R001-C163-R_out.fits	61108.772141	0.401511	0.006119	1.165871	13728.254115	173.964508
162	K01E00C-S001-R001-C164-R_out.fits	61108.772988	0.403139	0.006064	1.167523	13987.196140	174.847996
163	K01E00C-S001-R001-C165-R_out.fits	61108.773833	0.423202	0.006328	1.169209	14300.673548	175.430229
164	K01E00C-S001-R001-C166-R_out.fits	61108.774687	0.394528	0.006046	1.170950	13614.583535	174.443837
165	K01E00C-S001-R001-C167-R_out.fits	61108.775533	0.414789	0.006233	1.172714	14162.177411	175.570112
166	K01E00C-S001-R001-C168-R_out.fits	61108.776364	0.403897	0.006189	1.174481	13766.516378	175.384752
167	K01E00C-S001-R001-C169-R_out.fits	61108.777221	0.414458	0.006223	1.176345	14169.712926	175.613015
168	K01E00C-S001-R001-C170-R_out.fits	61108.778046	0.409852	0.006229	1.178177	13886.375031	174.745284
169	K01E00C-S001-R001-C171-R_out.fits	61108.778875	0.418964	0.006214	1.180055	14422.346459	175.920555
170	K01E00C-S001-R001-C172-R_out.fits	61108.779698	0.417554	0.006217	1.181957	14387.496037	176.558660
171	K01E00C-S001-R001-C173-R_out.fits	61108.780545	0.415508	0.006190	1.183951	14332.560615	175.982419
172	K01E00C-S001-R001-C175-R_out.fits	61108.782199	0.411507	0.006156	1.187965	14276.837281	176.355889
173	K01E00C-S001-R001-C177-R_out.fits	61108.783854	0.408909	0.006442	1.192136	13340.237670	173.867596
174	K01E00C-S001-R001-C178-R_out.fits	61108.784678	0.405215	0.006352	1.194272	13402.107681	174.334488
175	K01E00C-S001-R001-C179-R_out.fits	61108.785512	0.418830	0.006444	1.196473	13817.414219	174.762134
176	K01E00C-S001-R001-C180-R_out.fits	61108.786359	0.420918	0.006410	1.198751	14069.005015	176.170583
177	K01E00C-S001-R001-C181-R_out.fits	61108.787206	0.412434	0.006296	1.201069	13917.773769	175.534719
178	K01E00C-S001-R001-C183-R_out.fits	61108.788898	0.408214	0.006496	1.205834	13172.695151	173.435684
179	K01E00C-S001-R001-C184-R_out.fits	61108.789745	0.400777	0.006299	1.208281	13310.289154	173.958446
180	K01E00C-S001-R001-C185-R_out.fits	61108.790591	0.412723	0.006375	1.210772	13750.590652	175.342479
181	K01E00C-S001-R001-C186-R_out.fits	61108.791446	0.413471	0.006386	1.213333	13718.036945	174.665179
182	K01E00C-S001-R001-C187-R_out.fits	61108.792292	0.410425	0.006260	1.215914	13887.674062	175.026979
183	K01E00C-S001-R001-C188-R_out.fits	61108.793139	0.418333	0.006459	1.218540	13749.675964	174.742385
184	K01E00C-S001-R001-C189-R_out.fits	61108.793987	0.396604	0.006163	1.221218	13523.361282	175.525368
185	K01E00C-S001-R001-C190-R_out.fits	61108.794812	0.422237	0.006422	1.223865	14073.814301	175.500728
186	K01E00C-S001-R001-C191-R_out.fits	61108.795637	0.415204	0.006309	1.226557	14020.302258	175.537950
187	K01E00C-S001-R001-C192-R_out.fits	61108.796461	0.393695	0.006078	1.229290	13506.879292	174.106880
188	K01E00C-S001-R001-C194-R_out.fits	61108.798153	0.410017	0.006334	1.235047	13686.833341	174.767733
189	K01E00C-S001-R001-C195-R_out.fits	61108.799006	0.405691	0.006331	1.238021	13499.438592	174.491912
190	K01E00C-S001-R001-C197-R_out.fits	61108.800677	0.401165	0.006260	1.243992	13469.461316	174.755518
191	K01E00C-S001-R001-C198-R_out.fits	61108.801501	0.416240	0.006511	1.247006	13555.439586	174.598937
192	K01E00C-S001-R001-C200-R_out.fits	61108.803173	0.402671	0.006339	1.253272	13340.968744	174.219526
193	K01E00C-S001-R001-C202-R_out.fits	61108.804846	0.402921	0.006244	1.259745	13630.598603	175.100582
194	K01E00C-S001-R001-C203-R_out.fits	61108.805669	0.389501	0.006055	1.263005	13459.990063	175.134581
195	K01E00C-S001-R001-C204-R_out.fits	61108.806516	0.379412	0.006092	1.266412	12826.241046	173.276933
196	K01E00C-S001-R001-C206-R_out.fits	61108.808187	0.402561	0.006225	1.273291	13671.783986	175.462794
197	K01E00C-S001-R001-C207-R_out.fits	61108.809034	0.394236	0.006373	1.276858	12844.779852	173.088502
198	K01E00C-S001-R001-C209-R_out.fits	61108.810726	0.400078	0.006226	1.284159	13581.553704	175.578223
199	K01E00C-S001-R001-C210-R_out.fits	61108.811579	0.396618	0.006210	1.287924	13477.797935	175.850297
200	K01E00C-S001-R001-C211-R_out.fits	61108.812402	0.390278	0.006172	1.291614	13263.884745	175.413539
201	K01E00C-S001-R001-C213-R_out.fits	61108.814074	0.402994	0.006275	1.299279	13663.366930	176.476750
202	K01E00C-S001-R001-C214-R_out.fits	61108.814921	0.401738	0.006337	1.303251	13459.789584	176.292843
203	K01E00C-S001-R001-C215-R_out.fits	61108.815761	0.406971	0.006393	1.307248	13560.320454	176.231707
204	K01E00C-S001-R001-C216-R_out.fits	61108.816606	0.401719	0.006475	1.311335	13122.937443	175.630489
205	K01E00C-S001-R001-C217-R_out.fits	61108.817429	0.383115	0.006385	1.315375	12423.357394	174.062850
206	K01E00C-S001-R001-C218-R_out.fits	61108.818275	0.401657	0.006358	1.319587	13446.090048	176.849054
207	K01E00C-S001-R001-C219-R_out.fits	61108.819098	0.394885	0.006501	1.323748	12744.376463	175.031817
208	K01E00C-S001-R001-C220-R_out.fits	61108.819931	0.393941	0.006252	1.328024	13316.845358	176.386070
209	K01E00C-S001-R001-C221-R_out.fits	61108.820777	0.402878	0.006300	1.332427	13683.682172	177.517915
210	K01E00C-S001-R001-C222-R_out.fits	61108.821625	0.392806	0.006202	1.336913	13395.171159	176.502384
211	K01E00C-S001-R001-C223-R_out.fits	61108.822472	0.390304	0.006193	1.341455	13333.370532	176.960327
212	K01E00C-S001-R001-C224-R_out.fits	61108.823318	0.401283	0.006352	1.346066	13481.217081	177.104165
213	K01E00C-S001-R001-C225-R_out.fits	61108.824176	0.399070	0.006378	1.350811	13356.404391	177.543830
214	K01E00C-S001-R001-C226-R_out.fits	61108.825022	0.392135	0.006360	1.355562	13106.711367	177.686897
215	K01E00C-S001-R001-C227-R_out.fits	61108.825852	0.399893	0.006462	1.360286	13211.437754	177.360342
216	K01E00C-S001-R001-C228-R_out.fits	61108.826675	0.405367	0.006461	1.365049	13511.786360	178.253334
217	K01E00C-S001-R001-C229-R_out.fits	61108.827531	0.407118	0.006449	1.370070	13654.991360	178.757443
218	K01E00C-S001-R001-C231-R_out.fits	61108.829202	0.410977	0.006494	1.380097	13780.359640	179.551203
219	K01E00C-S001-R001-C232-R_out.fits	61108.830025	0.423360	0.006557	1.385146	14266.608694	180.881908
220	K01E00C-S001-R001-C235-R_out.fits	61108.832551	0.413729	0.006557	1.401100	13718.228110	178.925200
221	K01E00C-S001-R001-C236-R_out.fits	61108.833398	0.402811	0.006354	1.406616	13743.198174	179.881238
222	K01E00C-S001-R001-C237-R_out.fits	61108.834224	0.412962	0.006404	1.412068	14179.745647	181.180156
223	K01E00C-S001-R001-C238-R_out.fits	61108.835053	0.409322	0.006389	1.417624	14010.694691	180.614189
224	K01E00C-S001-R001-C239-R_out.fits	61108.835900	0.412976	0.006537	1.423385	13823.406530	180.259250
225	K01E00C-S001-R001-C240-R_out.fits	61108.836746	0.416401	0.006560	1.429228	13975.723229	180.953264
226	K01E00C-S001-R001-C241-R_out.fits	61108.837593	0.385149	0.006161	1.435160	13401.529936	179.620373
227	K01E00C-S001-R001-C242-R_out.fits	61108.838418	0.426148	0.006644	1.441030	14278.360670	181.927429
228	K01E00C-S001-R001-C243-R_out.fits	61108.839245	0.409356	0.006465	1.446998	13918.426003	181.510562
229	K01E00C-S001-R001-C244-R_out.fits	61108.840103	0.416195	0.006532	1.453289	14141.378302	182.543080
230	K01E00C-S001-R001-C245-R_out.fits	61108.840950	0.401670	0.006556	1.459584	13298.066978	179.967890
231	K01E00C-S001-R001-C246-R_out.fits	61108.841784	0.425374	0.006766	1.465881	14068.821950	182.796243
232	K01E00C-S001-R001-C247-R_out.fits	61108.842609	0.414641	0.006628	1.472207	13888.166873	182.832971
233	K01E00C-S001-R001-C248-R_out.fits	61108.843439	0.424166	0.006692	1.478660	14252.002510	184.036733
234	K01E00C-S001-R001-C249-R_out.fits	61108.844262	0.416360	0.006709	1.485158	13874.769019	183.929170
235	K01E00C-S001-R001-C250-R_out.fits	61108.845087	0.416222	0.006744	1.491769	13764.111036	183.421772
236	K01E00C-S001-R001-C251-R_out.fits	61108.845913	0.410025	0.006645	1.498480	13726.832188	183.552366
237	K01E00C-S001-R001-C252-R_out.fits	61108.846759	0.409368	0.006723	1.505466	13476.611793	182.763539
238	K01E00C-S001-R001-C253-R_out.fits	61108.847590	0.428066	0.007117	1.512426	13505.812379	183.066543
239	K01E00C-S001-R001-C254-R_out.fits	61108.848438	0.400921	0.006577	1.519637	13463.652155	183.292797
240	K01E00C-S001-R001-C255-R_out.fits	61108.849284	0.413705	0.006813	1.526948	13616.300662	184.363824
241	K01E00C-S001-R001-C256-R_out.fits	61108.850107	0.425901	0.006905	1.534169	14057.707223	186.081796
242	K01E00C-S001-R001-C257-R_out.fits	61108.850932	0.419444	0.006967	1.541512	13635.933567	185.594054
243	K01E00C-S001-R001-C258-R_out.fits	61108.851761	0.402985	0.006911	1.549012	13003.604137	184.674702
244	K01E00C-S001-R001-C259-R_out.fits	61108.852610	0.411284	0.006906	1.556802	13548.197563	187.364179
245	K01E00C-S001-R001-C260-R_out.fits	61108.853433	0.417841	0.006990	1.564474	13831.934193	190.093999
246	K01E00C-S001-R001-C261-R_out.fits	61108.854256	0.413220	0.007044	1.572265	13587.481526	190.725913
247	K01E00C-S001-R001-C266-R_out.fits	61108.858425	0.405259	0.007143	1.613598	13444.041597	196.013422
248	K01E00C-S001-R001-C267-R_out.fits	61108.859250	0.415993	0.007362	1.622163	13547.584067	196.917225
249	K01E00C-S001-R001-C268-R_out.fits	61108.860075	0.417896	0.007399	1.630871	13616.548302	197.837723
250	K01E00C-S001-R001-C269-R_out.fits	61108.860905	0.399195	0.007111	1.639762	13332.312306	197.091532
251	K01E00C-S001-R001-C270-R_out.fits	61108.861730	0.406470	0.007323	1.648746	13249.007958	197.225097
252	K01E00C-S001-R001-C271-R_out.fits	61108.862555	0.421389	0.007592	1.657866	13488.234464	198.898068
253	K01E00C-S001-R001-C272-R_out.fits	61108.863378	0.398977	0.007254	1.667113	13127.961730	198.237696
254	K01E00C-S001-R001-C273-R_out.fits	61108.864206	0.406009	0.007440	1.676557	13153.472408	199.350211
255	K01E00C-S001-R001-C274-R_out.fits	61108.865064	0.398458	0.007413	1.686511	12867.317250	198.907673
256	K01E00C-S001-R001-C275-R_out.fits	61108.865919	0.390423	0.007329	1.696606	12648.097667	198.234833
257	K01E00C-S001-R001-C276-R_out.fits	61108.866751	0.401038	0.007422	1.706571	13057.370348	200.471585
258	K01E00C-S001-R001-C277-R_out.fits	61108.867575	0.387528	0.007347	1.716612	12628.821995	200.323796
259	K01E00C-S001-R001-C278-R_out.fits	61108.868402	0.386252	0.007281	1.726861	12725.485152	200.504631
260	K01E00C-S001-R001-C279-R_out.fits	61108.869242	0.385287	0.007382	1.737437	12503.120288	200.555240
261	K01E00C-S001-R001-C280-R_out.fits	61108.870072	0.379906	0.007296	1.748058	12437.904590	200.796206
262	K01E00C-S001-R001-C281-R_out.fits	61108.870897	0.375303	0.007238	1.758800	12374.358247	201.188273
263	K01E00C-S001-R001-C282-R_out.fits	61108.871727	0.383584	0.007346	1.769778	12566.138462	201.646658
264	K01E00C-S001-R001-C283-R_out.fits	61108.872554	0.389400	0.007460	1.780914	12684.469277	203.145266
265	K01E00C-S001-R001-C284-R_out.fits	61108.873412	0.378158	0.007497	1.792652	12079.640405	201.401715
266	K01E00C-S001-R001-C285-R_out.fits	61108.874240	0.381750	0.007506	1.804175	12273.121768	202.506694
267	K01E00C-S001-R001-C286-R_out.fits	61108.875075	0.383973	0.007691	1.816008	12008.631366	201.595935
268	K01E00C-S001-R001-C287-R_out.fits	61108.875922	0.376696	0.007684	1.828212	11767.084291	202.391663
269	K01E00C-S001-R001-C289-R_out.fits	61108.877575	0.396772	0.007842	1.852654	12428.193651	204.273026
270	K01E00C-S001-R001-C290-R_out.fits	61108.878402	0.390569	0.007818	1.865198	12194.990183	203.507347
271	K01E00C-S001-R001-C291-R_out.fits	61108.879228	0.387587	0.007738	1.877953	12229.227490	203.961471
272	K01E00C-S001-R001-C292-R_out.fits	61108.880059	0.394800	0.007892	1.891000	12344.825539	205.312379
273	K01E00C-S001-R001-C293-R_out.fits	61108.880883	0.397415	0.007804	1.904175	12635.721309	205.995864
274	K01E00C-S001-R001-C294-R_out.fits	61108.881743	0.392840	0.007732	1.918191	12606.491166	206.711631
275	K01E00C-S001-R001-C295-R_out.fits	61108.882571	0.407796	0.007942	1.931911	12943.653873	207.798004
276	K01E00C-S001-R001-C296-R_out.fits	61108.883399	0.399205	0.007936	1.945893	12595.687052	207.443288
277	K01E00C-S001-R001-C297-R_out.fits	61108.884226	0.406716	0.008087	1.960104	12747.834719	209.208249
278	K01E00C-S001-R001-C298-R_out.fits	61108.885054	0.406645	0.008388	1.974589	12247.172022	208.340344
279	K01E00C-S001-R001-C299-R_out.fits	61108.885912	0.412422	0.008177	1.989887	12868.075517	209.444633
280	K01E00C-S001-R001-C300-R_out.fits	61108.886737	0.407878	0.008097	2.004881	12869.577447	210.673114
281	K01E00C-S001-R001-C301-R_out.fits	61108.887569	0.393900	0.008029	2.020276	12381.928800	210.007143
282	K01E00C-S001-R001-C302-R_out.fits	61108.888394	0.426315	0.008959	2.035841	12305.948511	210.591667
283	K01E00C-S001-R001-C303-R_out.fits	61108.889220	0.395299	0.008219	2.051712	12179.851305	210.600811
284	K01E00C-S001-R001-C304-R_out.fits	61108.890075	0.399458	0.008404	2.068459	12114.759719	211.488759
285	K01E00C-S001-R001-C305-R_out.fits	61108.890900	0.406432	0.008454	2.084925	12369.081428	212.416342
286	K01E00C-S001-R001-C306-R_out.fits	61108.891725	0.422027	0.008743	2.101724	12608.428715	213.166616
287	K01E00C-S001-R001-C307-R_out.fits	61108.892551	0.400602	0.008834	2.118848	11581.238763	211.342345
288	K01E00C-S001-R001-C308-R_out.fits	61108.893397	0.417368	0.008937	2.136760	12166.529412	213.143021
289	K01E00C-S001-R001-C309-R_out.fits	61108.894253	0.404650	0.008664	2.155232	12106.086700	214.105401
290	K01E00C-S001-R001-C310-R_out.fits	61108.895078	0.390636	0.008315	2.173418	12083.033042	214.482683
291	K01E00C-S001-R001-C311-R_out.fits	61108.895906	0.418793	0.008870	2.192015	12519.545574	216.312536
292	K01E00C-S001-R001-C312-R_out.fits	61108.896732	0.413783	0.008773	2.210954	12516.702028	217.482038
293	K01E00C-S001-R001-C313-R_out.fits	61108.897563	0.417860	0.008963	2.230398	12503.376258	219.326537
294	K01E00C-S001-R001-C314-R_out.fits	61108.898419	0.417713	0.009334	2.250842	12060.384824	220.170159
295	K01E00C-S001-R001-C315-R_out.fits	61108.899244	0.428167	0.009575	2.270973	12298.482040	223.132941
296	K01E00C-S001-R001-C316-R_out.fits	61108.900091	0.423260	0.009560	2.292053	12294.794444	226.012235
297	K01E00C-S001-R001-C317-R_out.fits	61108.900937	0.431309	0.010045	2.313588	12171.715371	229.464929
298	K01E00C-S001-R001-C318-R_out.fits	61108.901785	0.432626	0.010177	2.335630	12295.750949	233.385708
299	K01E00C-S001-R001-C319-R_out.fits	61108.902632	0.444476	0.011019	2.358141	12030.413033	238.406746
300	K01E00C-S001-R001-C320-R_out.fits	61108.903478	0.426974	0.010835	2.381130	11951.163476	245.298083
301	K01E00C-S001-R001-C321-R_out.fits	61108.904324	0.418708	0.011112	2.404635	11779.498079	254.748862
302	K01E00C-S001-R001-C322-R_out.fits	61108.905150	0.427247	0.011849	2.428067	11895.025890	266.993703
303	K01E00C-S001-R001-C323-R_out.fits	61108.906006	0.421290	0.012657	2.452915	11524.927186	280.588723
