#	Label	J.D.-2400000	rel_flux_T1	rel_flux_err_T1	AIRMASS	Source-Sky_T1	Source_Error_T1
1	K01E00C-S001-R001-C246-R_out.fits	61101.780573	0.275118	0.005932	1.083597	13672.949194	265.768606
2	K01E00C-S001-R001-C247-R_out.fits	61101.781055	0.277626	0.005917	1.083647	13730.154921	263.088351
3	K01E00C-S001-R001-C248-R_out.fits	61101.781563	0.277097	0.005813	1.083703	13921.233424	262.334654
4	K01E00C-S001-R001-C249-R_out.fits	61101.782040	0.281769	0.005938	1.083765	13931.801225	263.199155
5	K01E00C-S001-R001-C250-R_out.fits	61101.782517	0.278497	0.005865	1.083836	13979.999201	264.468072
6	K01E00C-S001-R001-C251-R_out.fits	61101.783016	0.289452	0.005931	1.083920	14464.003576	264.449943
7	K01E00C-S001-R001-C252-R_out.fits	61101.783493	0.270055	0.005801	1.084011	13606.079107	264.077697
8	K01E00C-S001-R001-C253-R_out.fits	61101.783991	0.283770	0.005985	1.084115	13966.132563	263.636273
9	K01E00C-S001-R001-C254-R_out.fits	61101.784469	0.276589	0.006039	1.084224	13378.122678	262.680978
10	K01E00C-S001-R001-C255-R_out.fits	61101.784968	0.275059	0.006024	1.084348	13374.658456	263.811526
11	K01E00C-S001-R001-C256-R_out.fits	61101.785445	0.274407	0.005859	1.084476	13655.176532	262.424216
12	K01E00C-S001-R001-C257-R_out.fits	61101.785924	0.279750	0.005885	1.084614	13912.760101	262.374565
13	K01E00C-S001-R001-C258-R_out.fits	61101.786432	0.273571	0.005931	1.084771	13480.689261	263.493425
14	K01E00C-S001-R001-C259-R_out.fits	61101.786911	0.272281	0.005904	1.084929	13402.622727	261.963036
15	K01E00C-S001-R001-C260-R_out.fits	61101.787412	0.280550	0.005947	1.085103	13858.373786	263.441747
16	K01E00C-S001-R001-C261-R_out.fits	61101.787911	0.274023	0.005881	1.085287	13557.954258	261.820552
17	K01E00C-S001-R001-C262-R_out.fits	61101.788389	0.274927	0.005874	1.085474	13725.596773	264.181268
18	K01E00C-S001-R001-C263-R_out.fits	61101.788868	0.275067	0.005861	1.085670	13786.547178	264.358063
19	K01E00C-S001-R001-C264-R_out.fits	61101.789347	0.280881	0.005825	1.085875	14152.051714	262.951373
20	K01E00C-S001-R001-C265-R_out.fits	61101.789857	0.267706	0.005717	1.086104	13639.381444	263.439280
21	K01E00C-S001-R001-C266-R_out.fits	61101.790356	0.278835	0.005874	1.086338	13897.074452	262.823218
22	K01E00C-S001-R001-C267-R_out.fits	61101.790833	0.275501	0.005970	1.086572	13554.812831	264.539304
23	K01E00C-S001-R001-C268-R_out.fits	61101.791331	0.271350	0.005828	1.086827	13535.015968	262.124432
24	K01E00C-S001-R001-C269-R_out.fits	61101.791808	0.266662	0.005749	1.087080	13465.431574	262.666374
25	K01E00C-S001-R001-C270-R_out.fits	61101.792288	0.272933	0.005895	1.087343	13536.045367	263.520366
26	K01E00C-S001-R001-C271-R_out.fits	61101.792765	0.281246	0.005902	1.087615	14049.112856	264.252870
27	K01E00C-S001-R001-C272-R_out.fits	61101.793245	0.262763	0.005688	1.087898	13384.177348	262.657708
28	K01E00C-S001-R001-C273-R_out.fits	61101.793745	0.270232	0.005810	1.088204	13559.973654	263.117416
29	K01E00C-S001-R001-C274-R_out.fits	61101.794223	0.272777	0.005907	1.088505	13507.611653	263.672447
30	K01E00C-S001-R001-C275-R_out.fits	61101.794731	0.268975	0.005858	1.088835	13392.363439	263.594472
31	K01E00C-S001-R001-C276-R_out.fits	61101.795208	0.282305	0.005931	1.089156	14020.369820	263.705159
32	K01E00C-S001-R001-C277-R_out.fits	61101.795686	0.268452	0.005826	1.089487	13493.302979	264.756272
33	K01E00C-S001-R001-C278-R_out.fits	61101.796165	0.259449	0.005804	1.089827	12947.974613	263.271940
34	K01E00C-S001-R001-C279-R_out.fits	61101.796642	0.265944	0.005865	1.090176	13157.267764	262.410830
35	K01E00C-S001-R001-C280-R_out.fits	61101.797127	0.275333	0.005863	1.090541	13789.474791	264.296369
36	K01E00C-S001-R001-C281-R_out.fits	61101.797608	0.264682	0.005751	1.090912	13392.895045	263.529591
37	K01E00C-S001-R001-C282-R_out.fits	61101.798086	0.262202	0.005769	1.091291	13145.166484	262.241900
38	K01E00C-S001-R001-C283-R_out.fits	61101.798563	0.251933	0.005761	1.091679	12617.490341	263.615932
39	K01E00C-S001-R001-C284-R_out.fits	61101.799075	0.260327	0.005771	1.092106	13042.486093	262.603854
40	K01E00C-S001-R001-C285-R_out.fits	61101.799586	0.250096	0.005702	1.092542	12516.254929	260.641015
41	K01E00C-S001-R001-C286-R_out.fits	61101.800065	0.256657	0.005647	1.092962	13074.563579	261.769427
42	K01E00C-S001-R001-C287-R_out.fits	61101.800544	0.251813	0.005775	1.093391	12523.970026	262.433392
43	K01E00C-S001-R001-C288-R_out.fits	61101.801044	0.259887	0.005718	1.093850	13110.128354	262.004270
44	K01E00C-S001-R001-C289-R_out.fits	61101.801524	0.257511	0.005805	1.094300	12758.544990	261.456204
45	K01E00C-S001-R001-C290-R_out.fits	61101.802002	0.255956	0.005821	1.094758	12760.108819	264.509425
46	K01E00C-S001-R001-C291-R_out.fits	61101.802503	0.258595	0.005817	1.095250	12822.976877	262.085365
47	K01E00C-S001-R001-C292-R_out.fits	61101.803006	0.259689	0.005859	1.095753	12783.797169	261.960920
48	K01E00C-S001-R001-C293-R_out.fits	61101.803484	0.251913	0.005707	1.096241	12709.600324	262.734086
49	K01E00C-S001-R001-C294-R_out.fits	61101.803970	0.253350	0.005801	1.096748	12626.789528	263.643703
50	K01E00C-S001-R001-C295-R_out.fits	61101.804475	0.249497	0.005836	1.097286	12246.251402	261.870989
51	K01E00C-S001-R001-C296-R_out.fits	61101.804953	0.252113	0.005814	1.097804	12457.132755	262.225192
52	K01E00C-S001-R001-C297-R_out.fits	61101.805453	0.258767	0.005735	1.098358	13040.718311	262.543500
53	K01E00C-S001-R001-C298-R_out.fits	61101.805931	0.252997	0.005730	1.098897	12717.135747	262.764777
54	K01E00C-S001-R001-C299-R_out.fits	61101.806408	0.256067	0.005712	1.099446	12921.373131	262.219984
55	K01E00C-S001-R001-C300-R_out.fits	61101.806907	0.256486	0.005866	1.100030	12649.598535	263.347871
56	K01E00C-S001-R001-C301-R_out.fits	61101.807384	0.254933	0.005801	1.100598	12720.610984	264.017531
57	K01E00C-S001-R001-C302-R_out.fits	61101.807869	0.255784	0.005826	1.101187	12646.110967	262.135108
58	K01E00C-S001-R001-C303-R_out.fits	61101.808346	0.251079	0.005689	1.101776	12677.816370	262.294633
59	K01E00C-S001-R001-C304-R_out.fits	61101.808824	0.256752	0.005757	1.102376	12843.066672	261.974978
60	K01E00C-S001-R001-C305-R_out.fits	61101.809333	0.261874	0.005786	1.103026	13138.477356	263.428616
61	K01E00C-S001-R001-C306-R_out.fits	61101.809811	0.254511	0.005698	1.103646	12845.000823	262.119244
62	K01E00C-S001-R001-C307-R_out.fits	61101.810296	0.261397	0.005806	1.104287	13074.930764	263.739911
63	K01E00C-S001-R001-C308-R_out.fits	61101.810774	0.257273	0.005753	1.104929	12890.312927	262.145508
64	K01E00C-S001-R001-C309-R_out.fits	61101.811273	0.267234	0.005957	1.105610	13076.879925	263.614356
65	K01E00C-S001-R001-C310-R_out.fits	61101.811750	0.251626	0.005692	1.106270	12699.569058	262.142357
66	K01E00C-S001-R001-C311-R_out.fits	61101.812228	0.259540	0.005772	1.106942	13030.722417	263.218883
67	K01E00C-S001-R001-C312-R_out.fits	61101.812727	0.259248	0.005856	1.107656	12890.625638	264.835382
68	K01E00C-S001-R001-C313-R_out.fits	61101.813227	0.258640	0.005792	1.108382	12946.600448	263.603504
69	K01E00C-S001-R001-C314-R_out.fits	61101.813704	0.265332	0.005863	1.109085	13234.524541	264.929651
70	K01E00C-S001-R001-C315-R_out.fits	61101.814214	0.261827	0.005797	1.109849	13104.267202	263.214789
71	K01E00C-S001-R001-C316-R_out.fits	61101.814691	0.268034	0.005778	1.110574	13542.616145	263.684575
72	K01E00C-S001-R001-C317-R_out.fits	61101.815170	0.265729	0.005834	1.111311	13279.503866	263.919913
73	K01E00C-S001-R001-C318-R_out.fits	61101.815669	0.271231	0.005946	1.112093	13409.023975	265.230224
74	K01E00C-S001-R001-C319-R_out.fits	61101.816147	0.265169	0.005872	1.112850	13154.467011	263.761542
75	K01E00C-S001-R001-C320-R_out.fits	61101.816623	0.265087	0.005902	1.113617	13039.821928	262.708280
76	K01E00C-S001-R001-C321-R_out.fits	61101.817102	0.269931	0.005890	1.114398	13423.127943	264.359769
77	K01E00C-S001-R001-C322-R_out.fits	61101.817585	0.263529	0.005830	1.115196	13113.156156	262.889721
78	K01E00C-S001-R001-C323-R_out.fits	61101.818084	0.261708	0.005798	1.116033	13086.369267	262.932779
79	K01E00C-S001-R001-C324-R_out.fits	61101.818561	0.276632	0.005995	1.116842	13656.302381	266.320753
80	K01E00C-S001-R001-C325-R_out.fits	61101.819070	0.274175	0.005870	1.117720	13743.711675	264.923231
81	K01E00C-S001-R001-C326-R_out.fits	61101.819548	0.260097	0.005767	1.118554	13189.190505	265.825005
82	K01E00C-S001-R001-C327-R_out.fits	61101.820028	0.261446	0.005856	1.119402	13024.259943	264.836911
83	K01E00C-S001-R001-C328-R_out.fits	61101.820515	0.263019	0.005888	1.120274	13137.850962	267.036416
84	K01E00C-S001-R001-C329-R_out.fits	61101.820992	0.271366	0.005923	1.121141	13541.746630	266.939734
85	K01E00C-S001-R001-C330-R_out.fits	61101.821469	0.265607	0.005873	1.122018	13360.433738	268.036247
86	K01E00C-S001-R001-C331-R_out.fits	61101.821946	0.271710	0.005946	1.122905	13575.229928	268.417284
87	K01E00C-S001-R001-C332-R_out.fits	61101.822431	0.283996	0.005986	1.123819	14202.644314	268.142986
88	K01E00C-S001-R001-C333-R_out.fits	61101.822910	0.271814	0.005947	1.124732	13522.686005	267.062185
89	K01E00C-S001-R001-C334-R_out.fits	61101.823390	0.268740	0.005874	1.125658	13449.638610	265.435378
90	K01E00C-S001-R001-C335-R_out.fits	61101.823897	0.272791	0.005924	1.126650	13555.841595	265.200747
91	K01E00C-S001-R001-C336-R_out.fits	61101.824377	0.265821	0.005848	1.127599	13272.563018	264.090045
92	K01E00C-S001-R001-C337-R_out.fits	61101.824875	0.270700	0.005928	1.128598	13454.385021	265.911259
93	K01E00C-S001-R001-C338-R_out.fits	61101.825374	0.278337	0.006030	1.129608	13679.361713	266.110482
94	K01E00C-S001-R001-C339-R_out.fits	61101.825853	0.285234	0.006042	1.130591	14129.584281	267.741546
95	K01E00C-S001-R001-C340-R_out.fits	61101.826330	0.267495	0.005801	1.131582	13526.068665	265.050641
96	K01E00C-S001-R001-C341-R_out.fits	61101.826808	0.275569	0.005938	1.132584	13715.411053	265.935074
97	K01E00C-S001-R001-C342-R_out.fits	61101.827294	0.268399	0.005826	1.133617	13509.589375	264.832112
98	K01E00C-S001-R001-C343-R_out.fits	61101.827772	0.268883	0.005879	1.134644	13418.341558	264.901733
99	K01E00C-S001-R001-C344-R_out.fits	61101.828249	0.275162	0.005928	1.135681	13702.944098	265.564610
100	K01E00C-S001-R001-C345-R_out.fits	61101.828771	0.273270	0.005887	1.136828	13682.498680	265.373819
101	K01E00C-S001-R001-C346-R_out.fits	61101.829250	0.267487	0.005842	1.137894	13541.250822	267.608714
102	K01E00C-S001-R001-C347-R_out.fits	61101.829728	0.284531	0.006000	1.138968	14104.842974	265.814720
103	K01E00C-S001-R001-C348-R_out.fits	61101.830226	0.273871	0.005946	1.140101	13568.909817	265.115010
104	K01E00C-S001-R001-C349-R_out.fits	61101.830704	0.268110	0.005981	1.141200	13150.428234	264.953401
105	K01E00C-S001-R001-C350-R_out.fits	61101.831204	0.272769	0.005944	1.142362	13548.845385	265.958207
106	K01E00C-S001-R001-C351-R_out.fits	61101.831681	0.273921	0.006011	1.143482	13494.769549	266.673337
107	K01E00C-S001-R001-C352-R_out.fits	61101.832163	0.265831	0.006009	1.144626	13082.019651	267.657618
108	K01E00C-S001-R001-C353-R_out.fits	61101.832640	0.268243	0.005811	1.145772	13624.609624	266.607574
109	K01E00C-S001-R001-C354-R_out.fits	61101.833139	0.269080	0.005918	1.146981	13393.618785	265.801401
110	K01E00C-S001-R001-C355-R_out.fits	61101.833649	0.272333	0.006038	1.148234	13372.215752	267.270455
111	K01E00C-S001-R001-C356-R_out.fits	61101.834131	0.266896	0.005930	1.149429	13209.789245	265.192237
112	K01E00C-S001-R001-C357-R_out.fits	61101.834608	0.283639	0.006031	1.150625	14015.253870	266.347285
113	K01E00C-S001-R001-C358-R_out.fits	61101.835088	0.259821	0.005875	1.151839	12979.169513	266.546370
114	K01E00C-S001-R001-C359-R_out.fits	61101.835586	0.274216	0.005931	1.153115	13733.044464	267.347664
115	K01E00C-S001-R001-C360-R_out.fits	61101.836063	0.280953	0.005999	1.154346	14014.370143	268.274327
116	K01E00C-S001-R001-C361-R_out.fits	61101.836541	0.276252	0.006007	1.155593	13654.029710	266.853554
117	K01E00C-S001-R001-C362-R_out.fits	61101.837023	0.262346	0.005849	1.156866	13195.176502	266.815940
118	K01E00C-S001-R001-C363-R_out.fits	61101.837502	0.262919	0.005911	1.158141	13037.767322	265.516234
119	K01E00C-S001-R001-C364-R_out.fits	61101.838000	0.268101	0.005952	1.159483	13291.280192	266.466219
120	K01E00C-S001-R001-C365-R_out.fits	61101.838508	0.283481	0.006175	1.160864	13729.827075	267.590850
121	K01E00C-S001-R001-C366-R_out.fits	61101.838987	0.261194	0.005849	1.162180	13071.960208	265.531330
122	K01E00C-S001-R001-C367-R_out.fits	61101.839465	0.263951	0.005931	1.163506	13079.623670	266.169317
123	K01E00C-S001-R001-C368-R_out.fits	61101.839943	0.265619	0.005892	1.164844	13300.625775	267.042369
124	K01E00C-S001-R001-C369-R_out.fits	61101.840441	0.268416	0.005911	1.166253	13361.410770	265.696342
125	K01E00C-S001-R001-C370-R_out.fits	61101.840919	0.271178	0.005987	1.167618	13456.238779	268.037659
126	K01E00C-S001-R001-C371-R_out.fits	61101.841396	0.266165	0.005840	1.168995	13414.091185	266.053765
127	K01E00C-S001-R001-C372-R_out.fits	61101.841877	0.261644	0.005768	1.170396	13316.631892	266.232206
128	K01E00C-S001-R001-C373-R_out.fits	61101.842354	0.267052	0.005854	1.171800	13428.563136	265.955292
129	K01E00C-S001-R001-C374-R_out.fits	61101.842832	0.269464	0.005844	1.173218	13599.223294	265.934949
130	K01E00C-S001-R001-C375-R_out.fits	61101.843341	0.269718	0.005863	1.174744	13592.943132	266.490991
131	K01E00C-S001-R001-C376-R_out.fits	61101.843819	0.271304	0.005894	1.176193	13621.771314	266.636614
132	K01E00C-S001-R001-C377-R_out.fits	61101.844300	0.258470	0.005807	1.177662	13023.994208	265.723450
133	K01E00C-S001-R001-C378-R_out.fits	61101.844781	0.270884	0.005838	1.179144	13733.116579	266.655167
134	K01E00C-S001-R001-C379-R_out.fits	61101.845259	0.270361	0.005985	1.180635	13354.612704	266.612752
135	K01E00C-S001-R001-C380-R_out.fits	61101.845739	0.252889	0.005714	1.182142	12848.032335	264.596257
136	K01E00C-S001-R001-C381-R_out.fits	61101.846219	0.263445	0.005899	1.183666	13124.755285	266.292203
137	K01E00C-S001-R001-C382-R_out.fits	61101.846697	0.273067	0.005918	1.185195	13656.778185	266.473631
138	K01E00C-S001-R001-C383-R_out.fits	61101.847176	0.262689	0.005871	1.186742	13089.576910	264.917131
139	K01E00C-S001-R001-C384-R_out.fits	61101.847654	0.262143	0.005857	1.188301	13104.951530	265.389932
140	K01E00C-S001-R001-C385-R_out.fits	61101.848147	0.264169	0.005871	1.189922	13224.873358	266.109615
141	K01E00C-S001-R001-C386-R_out.fits	61101.848646	0.256073	0.005749	1.191581	13038.054088	266.335423
142	K01E00C-S001-R001-C387-R_out.fits	61101.849125	0.267809	0.005869	1.193189	13392.808749	264.848868
143	K01E00C-S001-R001-C388-R_out.fits	61101.849634	0.258991	0.005847	1.194912	12918.980236	264.827640
144	K01E00C-S001-R001-C389-R_out.fits	61101.850146	0.258843	0.005818	1.196660	12973.108046	264.856817
145	K01E00C-S001-R001-C390-R_out.fits	61101.850648	0.256511	0.005751	1.198392	12973.466958	264.576106
146	K01E00C-S001-R001-C391-R_out.fits	61101.851133	0.260455	0.005806	1.200079	13087.113976	264.544398
147	K01E00C-S001-R001-C392-R_out.fits	61101.851617	0.249175	0.005675	1.201782	12660.489669	263.307183
148	K01E00C-S001-R001-C393-R_out.fits	61101.852095	0.255811	0.005821	1.203475	12743.929533	263.732533
149	K01E00C-S001-R001-C394-R_out.fits	61101.852574	0.247164	0.005748	1.205188	12359.049713	262.667919
150	K01E00C-S001-R001-C395-R_out.fits	61101.853082	0.255042	0.005690	1.207023	12997.853813	263.796536
151	K01E00C-S001-R001-C396-R_out.fits	61101.853560	0.251062	0.005626	1.208763	12907.726979	263.855590
152	K01E00C-S001-R001-C397-R_out.fits	61101.854048	0.254181	0.005699	1.210555	12894.478888	263.229953
153	K01E00C-S001-R001-C398-R_out.fits	61101.854528	0.249607	0.005597	1.212334	12851.373409	262.975558
154	K01E00C-S001-R001-C399-R_out.fits	61101.855006	0.252211	0.005700	1.214122	12809.686317	263.968032
155	K01E00C-S001-R001-C400-R_out.fits	61101.855483	0.251730	0.005814	1.215924	12466.258570	262.470076
156	K01E00C-S001-R001-C401-R_out.fits	61101.855961	0.256088	0.005674	1.217741	13110.104347	264.254905
157	K01E00C-S001-R001-C402-R_out.fits	61101.856440	0.241420	0.005635	1.219579	12247.556957	262.415967
158	K01E00C-S001-R001-C403-R_out.fits	61101.856922	0.249526	0.005616	1.221447	12788.117042	262.707458
159	K01E00C-S001-R001-C404-R_out.fits	61101.857400	0.250513	0.005726	1.223315	12640.417711	263.806375
160	K01E00C-S001-R001-C405-R_out.fits	61101.857909	0.253389	0.005746	1.225322	12697.345008	262.219399
161	K01E00C-S001-R001-C406-R_out.fits	61101.858387	0.258536	0.005749	1.227220	13031.912130	263.119644
162	K01E00C-S001-R001-C407-R_out.fits	61101.858864	0.244822	0.005584	1.229132	12548.643026	262.010541
163	K01E00C-S001-R001-C408-R_out.fits	61101.859343	0.245202	0.005670	1.231072	12422.819730	263.190293
164	K01E00C-S001-R001-C409-R_out.fits	61101.859842	0.251263	0.005775	1.233106	12569.565682	263.632360
165	K01E00C-S001-R001-C410-R_out.fits	61101.860321	0.246375	0.005641	1.235080	12569.616817	263.385739
166	K01E00C-S001-R001-C411-R_out.fits	61101.860799	0.261279	0.005917	1.237062	12839.361256	263.587474
167	K01E00C-S001-R001-C412-R_out.fits	61101.861297	0.241957	0.005678	1.239149	12207.651085	262.823787
168	K01E00C-S001-R001-C413-R_out.fits	61101.861775	0.247352	0.005828	1.241169	12197.980140	262.686114
169	K01E00C-S001-R001-C414-R_out.fits	61101.862255	0.247045	0.005743	1.243212	12443.866765	264.850021
170	K01E00C-S001-R001-C415-R_out.fits	61101.862764	0.254295	0.005774	1.245400	12711.074612	262.661152
171	K01E00C-S001-R001-C416-R_out.fits	61101.863244	0.244561	0.005749	1.247479	12186.209583	262.411281
172	K01E00C-S001-R001-C417-R_out.fits	61101.863723	0.251101	0.005813	1.249576	12487.288490	263.710645
173	K01E00C-S001-R001-C418-R_out.fits	61101.864208	0.251485	0.005892	1.251711	12318.993728	263.112537
174	K01E00C-S001-R001-C419-R_out.fits	61101.864685	0.255973	0.005841	1.253834	12766.686763	264.881280
175	K01E00C-S001-R001-C420-R_out.fits	61101.865164	0.255086	0.005799	1.255981	12806.161774	264.934218
176	K01E00C-S001-R001-C421-R_out.fits	61101.865641	0.247257	0.005761	1.258140	12412.246742	264.480803
177	K01E00C-S001-R001-C422-R_out.fits	61101.866119	0.255880	0.005896	1.260317	12661.194896	265.304286
178	K01E00C-S001-R001-C423-R_out.fits	61101.866595	0.256518	0.005805	1.262509	12934.510632	266.139441
179	K01E00C-S001-R001-C424-R_out.fits	61101.867073	0.254304	0.005820	1.264723	12815.532163	267.187652
180	K01E00C-S001-R001-C425-R_out.fits	61101.867557	0.253750	0.005869	1.266986	12696.230730	267.552720
181	K01E00C-S001-R001-C426-R_out.fits	61101.868034	0.248369	0.005803	1.269236	12499.880950	266.884303
182	K01E00C-S001-R001-C427-R_out.fits	61101.868512	0.261164	0.005880	1.271507	13165.874934	268.683534
183	K01E00C-S001-R001-C428-R_out.fits	61101.869022	0.258476	0.005963	1.273952	12852.371704	269.302218
184	K01E00C-S001-R001-C429-R_out.fits	61101.869499	0.253360	0.005893	1.276261	12714.053450	269.359404
185	K01E00C-S001-R001-C430-R_out.fits	61101.869976	0.262102	0.005999	1.278589	13053.523994	270.590602
186	K01E00C-S001-R001-C431-R_out.fits	61101.870454	0.260251	0.005977	1.280937	13026.658125	271.434120
187	K01E00C-S001-R001-C432-R_out.fits	61101.870931	0.258911	0.005953	1.283301	13002.079706	271.281056
188	K01E00C-S001-R001-C433-R_out.fits	61101.871409	0.260269	0.005959	1.285691	13129.064587	272.687669
189	K01E00C-S001-R001-C434-R_out.fits	61101.871886	0.265236	0.006053	1.288098	13332.996375	275.320999
190	K01E00C-S001-R001-C435-R_out.fits	61101.872365	0.255538	0.006069	1.290532	12726.414314	275.037857
191	K01E00C-S001-R001-C436-R_out.fits	61101.872842	0.264404	0.006123	1.292975	13209.416307	276.770007
192	K01E00C-S001-R001-C437-R_out.fits	61101.873321	0.257087	0.006094	1.295450	12906.241220	277.941008
193	K01E00C-S001-R001-C438-R_out.fits	61101.873800	0.260076	0.006090	1.297949	13202.286574	280.470178
194	K01E00C-S001-R001-C439-R_out.fits	61101.874278	0.264187	0.006233	1.300460	13256.487783	283.066115
195	K01E00C-S001-R001-C440-R_out.fits	61101.874756	0.265830	0.006318	1.302990	13229.912770	284.053935
196	K01E00C-S001-R001-C441-R_out.fits	61101.875261	0.263616	0.006284	1.305691	13288.695216	286.604342
197	K01E00C-S001-R001-C442-R_out.fits	61101.875738	0.266844	0.006466	1.308259	13220.836719	289.417731
198	K01E00C-S001-R001-C443-R_out.fits	61101.876216	0.265356	0.006373	1.310853	13430.662692	291.642916
199	K01E00C-S001-R001-C444-R_out.fits	61101.876702	0.272678	0.006647	1.313519	13351.517808	292.675780
200	K01E00C-S001-R001-C445-R_out.fits	61101.877181	0.253573	0.006416	1.316159	12804.428213	295.172598
201	K01E00C-S001-R001-C446-R_out.fits	61101.877660	0.258945	0.006489	1.318827	13070.378142	297.370774
202	K01E00C-S001-R001-C447-R_out.fits	61101.878138	0.267270	0.006694	1.321511	13208.598793	298.646209
203	K01E00C-S001-R001-C448-R_out.fits	61101.878616	0.261959	0.006568	1.324218	13106.030346	297.293377
204	K01E00C-S001-R001-C449-R_out.fits	61101.879093	0.253158	0.006510	1.326943	12797.530819	299.609619
205	K01E00C-S001-R001-C450-R_out.fits	61101.879571	0.276457	0.006614	1.329690	14037.485894	301.137952
206	K01E00C-S001-R001-C451-R_out.fits	61101.880048	0.261961	0.006586	1.332460	13310.053859	303.506336
207	K01E00C-S001-R001-C452-R_out.fits	61101.880531	0.259205	0.006580	1.335287	13048.822424	300.469380
208	K01E00C-S001-R001-C453-R_out.fits	61101.881010	0.276580	0.006743	1.338113	13688.549425	299.075777
209	K01E00C-S001-R001-C454-R_out.fits	61101.881493	0.263094	0.006557	1.340987	13227.506077	298.241070
210	K01E00C-S001-R001-C455-R_out.fits	61101.881973	0.265459	0.006532	1.343862	13390.596467	297.706669
211	K01E00C-S001-R001-C456-R_out.fits	61101.882453	0.271180	0.006476	1.346763	13786.629841	296.110466
212	K01E00C-S001-R001-C457-R_out.fits	61101.882963	0.268593	0.006450	1.349878	13646.846740	295.283954
213	K01E00C-S001-R001-C458-R_out.fits	61101.883441	0.263680	0.006406	1.352814	13323.426287	292.569046
214	K01E00C-S001-R001-C459-R_out.fits	61101.883917	0.271087	0.006508	1.355770	13479.762430	290.917234
215	K01E00C-S001-R001-C460-R_out.fits	61101.884395	0.272565	0.006280	1.358756	14051.096900	290.828163
216	K01E00C-S001-R001-C461-R_out.fits	61101.884872	0.263546	0.006381	1.361766	13159.858564	287.931681
217	K01E00C-S001-R001-C462-R_out.fits	61101.885350	0.260479	0.006285	1.364800	13107.094751	286.265625
218	K01E00C-S001-R001-C463-R_out.fits	61101.885848	0.266848	0.006216	1.367995	13609.321439	285.797077
219	K01E00C-S001-R001-C464-R_out.fits	61101.886329	0.271843	0.006344	1.371105	13675.481332	287.566699
220	K01E00C-S001-R001-C465-R_out.fits	61101.886808	0.265441	0.006104	1.374226	13664.617712	283.779160
221	K01E00C-S001-R001-C466-R_out.fits	61101.887287	0.263942	0.006125	1.377374	13443.609233	282.040443
222	K01E00C-S001-R001-C467-R_out.fits	61101.887797	0.265421	0.006130	1.380754	13371.600679	278.566770
223	K01E00C-S001-R001-C468-R_out.fits	61101.888275	0.259963	0.006091	1.383951	13039.214983	276.614038
224	K01E00C-S001-R001-C469-R_out.fits	61101.888755	0.270266	0.006024	1.387183	13731.872707	275.236023
225	K01E00C-S001-R001-C470-R_out.fits	61101.889234	0.267211	0.005921	1.390439	13671.556729	272.949144
226	K01E00C-S001-R001-C471-R_out.fits	61101.889711	0.261290	0.005873	1.393711	13299.631188	270.535592
227	K01E00C-S001-R001-C472-R_out.fits	61101.890188	0.269875	0.005949	1.397010	13561.988646	268.740988
228	K01E00C-S001-R001-C473-R_out.fits	61101.890665	0.262488	0.005736	1.400331	13546.091899	267.730362
229	K01E00C-S001-R001-C474-R_out.fits	61101.891142	0.256656	0.005701	1.403686	13090.753222	263.853583
230	K01E00C-S001-R001-C475-R_out.fits	61101.891620	0.257917	0.005661	1.407068	13175.867413	262.190034
231	K01E00C-S001-R001-C476-R_out.fits	61101.892097	0.266496	0.005721	1.410473	13432.420106	259.905713
232	K01E00C-S001-R001-C477-R_out.fits	61101.892581	0.256936	0.005567	1.413959	13126.634910	258.153999
233	K01E00C-S001-R001-C478-R_out.fits	61101.893058	0.264326	0.005603	1.417427	13333.162276	255.038835
234	K01E00C-S001-R001-C479-R_out.fits	61101.893538	0.272861	0.005673	1.420940	13590.163071	253.617578
235	K01E00C-S001-R001-C480-R_out.fits	61101.894045	0.270026	0.005544	1.424691	13626.762367	251.562486
236	K01E00C-S001-R001-C481-R_out.fits	61101.894523	0.264989	0.005418	1.428250	13478.508107	248.451523
237	K01E00C-S001-R001-C482-R_out.fits	61101.895002	0.260523	0.005387	1.431853	13169.732503	246.305416
238	K01E00C-S001-R001-C483-R_out.fits	61101.895482	0.267900	0.005477	1.435487	13289.301471	244.583666
239	K01E00C-S001-R001-C484-R_out.fits	61101.895965	0.249075	0.005216	1.439180	12644.536328	241.367488
240	K01E00C-S001-R001-C485-R_out.fits	61101.896443	0.248948	0.005114	1.442864	12827.232673	240.292367
241	K01E00C-S001-R001-C486-R_out.fits	61101.896921	0.256459	0.005169	1.446574	12986.763505	237.338413
242	K01E00C-S001-R001-C487-R_out.fits	61101.897400	0.252928	0.005140	1.450333	12737.489479	235.251556
243	K01E00C-S001-R001-C488-R_out.fits	61101.897878	0.257394	0.005180	1.454106	12856.566735	234.701352
244	K01E00C-S001-R001-C489-R_out.fits	61101.898363	0.265336	0.005124	1.457976	13427.388773	233.788819
245	K01E00C-S001-R001-C490-R_out.fits	61101.898844	0.267460	0.005147	1.461842	13494.280603	234.009180
246	K01E00C-S001-R001-C491-R_out.fits	61101.899321	0.266724	0.005086	1.465707	13629.397077	234.261272
247	K01E00C-S001-R001-C492-R_out.fits	61101.899798	0.259614	0.005132	1.469611	13173.569197	235.783255
248	K01E00C-S001-R001-C493-R_out.fits	61101.900311	0.263840	0.005296	1.473835	13152.502152	238.483239
249	K01E00C-S001-R001-C494-R_out.fits	61101.900792	0.256506	0.005294	1.477843	12869.990532	240.864477
250	K01E00C-S001-R001-C495-R_out.fits	61101.901271	0.267080	0.005482	1.481861	13424.772172	248.467269
251	K01E00C-S001-R001-C496-R_out.fits	61101.901751	0.260761	0.005515	1.485922	13235.244212	253.469412
252	K01E00C-S001-R001-C497-R_out.fits	61101.902230	0.254381	0.005643	1.490014	12789.181512	257.919079
253	K01E00C-S001-R001-C498-R_out.fits	61101.902710	0.262342	0.005850	1.494144	13105.005463	264.390369
