61093.421549	0.429079	0.002720
61093.422098	0.426936	0.002711
61093.422587	0.434024	0.002731
61093.423130	0.432970	0.002739
61093.423673	0.433556	0.002736
61093.424214	0.438949	0.002754
61093.424747	0.432379	0.002736
61093.425277	0.434592	0.002733
61093.452852	0.449605	0.002708
61093.453388	0.448285	0.002700
61093.453928	0.455871	0.002729
61093.454471	0.453920	0.002716
61093.454959	0.451770	0.002718
61093.455462	0.456319	0.002738
61093.455958	0.448586	0.002692
61093.456500	0.458757	0.002745
61093.457049	0.458514	0.002766
61093.457585	0.454741	0.002741
61093.458103	0.456752	0.002739
61093.458644	0.449768	0.002709
61093.459143	0.451084	0.002722
61093.459681	0.455079	0.002729
61093.460187	0.453925	0.002728
61093.460677	0.450467	0.002716
61093.461171	0.455837	0.002749
61093.461659	0.458985	0.002752
61093.462194	0.457245	0.002755
61093.462724	0.459035	0.002756
61093.463266	0.457484	0.002764
61093.463756	0.456579	0.002753
61093.464286	0.459479	0.002763
61093.464818	0.459389	0.002749
61093.465305	0.453565	0.002740
61093.465812	0.452807	0.002732
61093.466344	0.456371	0.002757
61093.466878	0.459702	0.002756
61093.468428	0.451744	0.002715
61093.468958	0.460951	0.002766
61093.469437	0.455605	0.002743
61093.469943	0.459345	0.002757
61093.470489	0.455687	0.002744
61093.470977	0.455192	0.002751
61093.471516	0.453357	0.002728
61093.472014	0.451671	0.002717
61093.472552	0.453815	0.002730
61093.473085	0.457797	0.002750
61093.473625	0.452014	0.002718
61093.474159	0.452588	0.002731
61093.474689	0.451685	0.002729
61093.475178	0.451261	0.002721
61093.475664	0.454831	0.002741
61093.476195	0.457739	0.002750
61093.476729	0.454995	0.002734
61093.477258	0.452513	0.002736
61093.477794	0.454501	0.002740
61093.478321	0.451502	0.002719
61093.478856	0.450860	0.002714
61093.479387	0.454401	0.002735
61093.479920	0.453945	0.002734
61093.480412	0.456092	0.002738
61093.480941	0.452758	0.002724
61093.481470	0.453316	0.002729
61093.481959	0.448620	0.002720
61093.482491	0.448403	0.002718
61093.483021	0.453981	0.002728
61093.483555	0.450222	0.002713
61093.484057	0.448579	0.002709
61093.484547	0.445775	0.002696
61093.485087	0.449960	0.002720
61093.485629	0.458654	0.002761
61093.486163	0.450398	0.002718
61093.486703	0.452939	0.002740
61093.487181	0.446688	0.002705
61093.487711	0.451366	0.002727
61093.488244	0.445455	0.002698
61093.488777	0.447606	0.002713
61093.489319	0.447556	0.002711
61093.489862	0.447471	0.002706
61093.490395	0.447445	0.002701
61093.490927	0.441186	0.002680
61093.491459	0.451005	0.002739
61093.491993	0.442665	0.002695
61093.492536	0.448975	0.002723
61093.493080	0.444642	0.002707
61093.637216	0.293926	0.004743
61093.637721	0.297056	0.004777
61093.638261	0.308680	0.004805
61093.638744	0.300297	0.004885
61093.639286	0.306244	0.004848
61093.639780	0.294573	0.004771
61093.640317	0.300734	0.004801
61093.640806	0.302603	0.004837
61093.641347	0.313570	0.004908
61093.641835	0.305998	0.004872
61093.642379	0.302594	0.004869
61093.642871	0.300035	0.004842
61093.643408	0.300135	0.004835
61093.643895	0.307970	0.004971
61093.644436	0.308812	0.004936
61093.644931	0.305399	0.004912
61093.645466	0.297774	0.004929
61093.646005	0.314299	0.005018
61093.646542	0.314899	0.005076
61093.647080	0.306578	0.004992
61093.647619	0.306918	0.004956
61093.648113	0.312031	0.005042
61093.648653	0.312814	0.005013
61093.649198	0.305424	0.005016
61093.649737	0.308356	0.005030
61093.650232	0.314408	0.005066
61093.650770	0.313144	0.005068
61093.651256	0.302163	0.004938
61093.651798	0.305464	0.005018
61093.652291	0.321375	0.005114
61093.652791	0.309126	0.005099
61093.653286	0.316255	0.005059
61093.653825	0.314445	0.005139
61093.654312	0.306272	0.005055
61093.654855	0.310153	0.005108
61093.655394	0.318222	0.005209
61093.655931	0.320348	0.005258
61093.656416	0.314860	0.005146
61093.656953	0.312568	0.005140
61093.657454	0.311519	0.005218
61093.657992	0.327839	0.005444
61093.658478	0.301016	0.005203
61093.659020	0.309454	0.005258
61093.659516	0.318752	0.005358
61093.660004	0.323395	0.005472
61093.660498	0.335492	0.005548
61093.661035	0.317003	0.005339
61093.661581	0.316001	0.005429
61093.662067	0.325740	0.005478
61093.662604	0.321014	0.005564
61093.663141	0.314779	0.005430
61093.663687	0.322004	0.005595
61093.664233	0.321216	0.005514
61093.666210	0.326165	0.005533
61093.666752	0.322184	0.005632
61094.374429	0.217101	0.003636
61094.374971	0.214175	0.003611
61094.375457	0.221235	0.003625
61094.375950	0.223271	0.003599
61094.376447	0.225535	0.003591
61094.376934	0.222178	0.003624
61094.379055	0.215004	0.003534
61094.379597	0.211171	0.003541
61094.380141	0.208349	0.003433
61094.380637	0.195002	0.003185
61094.381172	0.213720	0.003504
61094.381703	0.216359	0.003566
61094.382247	0.220478	0.003537
61094.382782	0.211752	0.003478
61094.383326	0.221611	0.003553
61094.383868	0.220358	0.003555
61094.384359	0.221553	0.003548
61094.384897	0.218526	0.003551
61094.385386	0.218876	0.003540
61094.385927	0.222269	0.003567
61094.386471	0.218397	0.003544
61094.386961	0.217806	0.003536
61094.387500	0.218988	0.003548
61094.388045	0.213839	0.003540
61094.388584	0.220833	0.003562
61094.389120	0.231367	0.003594
61094.389661	0.228889	0.003595
61094.390161	0.224080	0.003542
61094.390695	0.209089	0.003322
61094.391185	0.222910	0.003526
61094.391727	0.229891	0.003579
61094.392269	0.219374	0.003479
61094.392814	0.228270	0.003548
61094.393306	0.221974	0.003500
61094.393800	0.222299	0.003499
61094.394288	0.229140	0.003589
61094.394791	0.225424	0.003550
61094.395289	0.226158	0.003536
61094.395827	0.229215	0.003567
61094.396368	0.220389	0.003481
61094.396911	0.232596	0.003558
61094.397401	0.228696	0.003565
61094.397946	0.228974	0.003575
61094.398477	0.231494	0.003598
61094.399009	0.240651	0.003674
61094.399544	0.227758	0.003597
61094.400041	0.222051	0.003606
61094.400544	0.226173	0.003560
61094.401081	0.228990	0.003626
61094.401614	0.228459	0.003665
61094.402156	0.234593	0.003680
61094.402685	0.234316	0.003676
61094.403219	0.233790	0.003643
61094.403709	0.227824	0.003609
61094.404243	0.224477	0.003605
61094.404744	0.227410	0.003667
61094.405282	0.232934	0.003665
61094.405840	0.229067	0.003581
61094.406414	0.228797	0.003615
61094.407062	0.226047	0.003591
61094.407870	0.221652	0.003579
61094.560505	0.434262	0.003170
61094.561057	0.436983	0.003185
61094.561545	0.444413	0.003236
61094.562028	0.440029	0.003203
61094.562515	0.442879	0.003226
61094.563048	0.443238	0.003219
61094.563586	0.438179	0.003200
61094.564126	0.444475	0.003236
61094.570731	0.442574	0.003266
61094.571275	0.441853	0.003250
61094.571821	0.454523	0.003322
61094.572309	0.450038	0.003299
61094.572854	0.444453	0.003263
61094.573398	0.444969	0.003256
61094.573937	0.451857	0.003312
61094.574482	0.442980	0.003247
61094.575020	0.448733	0.003283
61094.575502	0.451891	0.003306
61094.575997	0.449651	0.003298
61094.576487	0.445590	0.003299
61094.576977	0.455292	0.003333
61094.577514	0.447046	0.003301
61094.578050	0.455560	0.003343
61094.578537	0.451460	0.003332
61094.579084	0.451507	0.003334
61094.579622	0.454698	0.003354
61094.580117	0.453377	0.003322
61094.580659	0.451149	0.003351
61094.581199	0.454868	0.003365
61094.581742	0.450547	0.003328
61094.582228	0.451710	0.003332
61094.582721	0.454623	0.003369
61094.583257	0.452433	0.003330
61094.583793	0.454343	0.003364
61094.584330	0.461741	0.003420
61094.584867	0.458675	0.003426
61094.585353	0.450303	0.003323
61094.585847	0.452837	0.003333
61094.586382	0.456562	0.003365
61094.586921	0.454269	0.003379
61094.587468	0.452156	0.003349
61094.588548	0.451984	0.003343
61094.589034	0.451195	0.003362
61094.589527	0.458080	0.003398
61094.590071	0.453398	0.003383
61094.590620	0.452465	0.003357
61094.592202	0.452316	0.003396
61094.592689	0.451659	0.003359
61094.593176	0.452527	0.003389
61094.593719	0.456662	0.003405
61094.594252	0.453639	0.003380
61094.594798	0.454567	0.003417
61094.595339	0.454129	0.003380
61094.595834	0.450118	0.003377
61094.596369	0.449280	0.003364
61094.596857	0.452149	0.003403
61094.597343	0.451673	0.003411
61094.597830	0.454595	0.003423
61094.598364	0.453024	0.003439
61094.598905	0.452179	0.003421
61094.599441	0.448586	0.003405
61094.599989	0.459938	0.003476
61094.600484	0.449615	0.003417
61094.602070	0.454829	0.003441
61094.602570	0.449540	0.003439
61094.603116	0.445148	0.003394
61094.603605	0.449590	0.003443
61094.604142	0.452578	0.003481
61094.604680	0.448471	0.003443
61094.605213	0.451098	0.003452
61094.605700	0.447689	0.003440
61094.606191	0.451715	0.003509
61094.606729	0.450643	0.003471
61094.607269	0.443511	0.003415
61094.607802	0.444439	0.003447
61094.608343	0.452722	0.003487
61094.608836	0.440042	0.003458
61094.609322	0.445251	0.003476
61094.609858	0.449573	0.003523
61094.610401	0.452679	0.003535
61094.610941	0.444797	0.003483
61094.611487	0.445114	0.003496
61094.612029	0.444472	0.003534
61094.612576	0.444168	0.003510
61094.613074	0.436643	0.003478
61094.613576	0.450730	0.003561
61094.614122	0.448753	0.003584
61094.614610	0.439712	0.003515
61094.615104	0.445783	0.003581
61094.615650	0.449635	0.003579
61094.616145	0.433475	0.003502
61094.616643	0.440025	0.003548
61094.617141	0.438098	0.003548
61094.617681	0.431281	0.003465
61094.618217	0.437351	0.003533
61094.618755	0.433649	0.003537
61094.619242	0.431742	0.003492
61094.619727	0.430321	0.003529
61094.620263	0.436671	0.003552
61094.620801	0.428792	0.003532
61094.621289	0.435284	0.003576
61094.621824	0.442646	0.003640
61094.622362	0.426649	0.003556
61094.622900	0.434922	0.003606
61094.623432	0.432757	0.003579
61094.623970	0.435905	0.003614
61094.624520	0.425433	0.003544
61094.625004	0.423607	0.003584
61094.625489	0.419687	0.003533
61094.626034	0.425978	0.003560
61094.626527	0.424850	0.003533
61094.627064	0.420375	0.003536
61094.627581	0.426445	0.003577
61094.628117	0.421834	0.003543
61094.628610	0.420248	0.003557
61094.629145	0.421786	0.003560
61094.629686	0.419198	0.003611
61094.630226	0.418498	0.003566
61094.630765	0.420718	0.003586
61094.631311	0.416026	0.003544
61094.631804	0.405172	0.003493
61094.632301	0.418275	0.003561
61094.632846	0.414080	0.003554
61094.633386	0.414545	0.003592
61094.634411	0.416298	0.003604
61094.634955	0.405586	0.003573
61094.635494	0.402007	0.003558
61094.636036	0.406329	0.003576
61094.636523	0.415461	0.003632
61094.637064	0.405652	0.003602
61094.637568	0.408405	0.003596
61094.638114	0.404669	0.003615
61094.638655	0.404553	0.003601
61094.639194	0.400404	0.003580
61094.639688	0.406632	0.003607
61094.640223	0.400892	0.003601
61094.640711	0.400244	0.003631
61094.641203	0.394858	0.003564
61094.641740	0.405113	0.003668
61094.642227	0.395080	0.003628
61094.642711	0.391767	0.003590
61094.643247	0.400942	0.003625
61094.643733	0.397824	0.003619
61094.644224	0.408105	0.003670
61094.645276	0.404640	0.003650
61094.645823	0.396969	0.003672
61094.646360	0.394369	0.003623
61094.646901	0.390663	0.003634
61094.647441	0.394545	0.003677
61094.647986	0.383122	0.003629
61094.648526	0.384689	0.003684
61094.649020	0.369724	0.003590
61094.649559	0.380611	0.003643
61094.650099	0.378294	0.003628
61094.650641	0.378746	0.003646
61094.651183	0.384277	0.003712
61094.651719	0.378024	0.003693
61094.652222	0.384004	0.003738
61094.652760	0.374452	0.003679
61094.653264	0.378453	0.003706
61094.653754	0.376808	0.003759
61094.654300	0.366792	0.003636
61094.654803	0.374251	0.003715
61094.655338	0.377988	0.003728
61094.655844	0.364481	0.003674
61094.656391	0.368878	0.003701
61094.656886	0.368411	0.003750
61094.657432	0.367691	0.003752
61094.657969	0.364317	0.003705
61094.658509	0.365206	0.003795
61094.658999	0.358730	0.003739
61094.659540	0.364062	0.003787
61094.660027	0.357962	0.003730
61094.660570	0.358986	0.003762
61094.661059	0.360318	0.003783
61094.661551	0.354153	0.003730
61094.662098	0.358779	0.003792
61094.662644	0.364109	0.003883
61094.663185	0.358326	0.003846
61094.663730	0.358060	0.003865
61094.664226	0.350392	0.003834
61094.664771	0.352487	0.003903
61094.665308	0.344761	0.003853
61094.665849	0.359953	0.003896
61094.666341	0.345043	0.003887
61106.504392	0.082415	0.005422
61106.505579	0.069970	0.004859
61106.506757	0.069374	0.004389
61106.507936	0.074252	0.004065
61106.509131	0.077099	0.003832
61106.510313	0.075717	0.003574
61106.512671	0.079405	0.003364
61106.513858	0.073348	0.003225
61106.515037	0.065960	0.003169
61106.516220	0.072480	0.003104
61106.517400	0.072048	0.003097
61106.518580	0.071348	0.003015
61106.519764	0.070332	0.002991
61106.520945	0.077124	0.003008
61106.522131	0.070479	0.002989
61106.523315	0.068663	0.002989
61106.524494	0.067373	0.002975
61106.525675	0.061525	0.002961
61106.527043	0.063870	0.002911
61106.528223	0.061997	0.002976
61106.529400	0.058412	0.002921
61106.530580	0.057241	0.002969
61106.531758	0.056190	0.002998
61106.532963	0.055691	0.003010
61106.534149	0.062603	0.003078
61106.535342	0.057976	0.003112
61106.536530	0.048211	0.003134
61106.537716	0.052835	0.003195
61106.553126	0.042446	0.003600
61106.554306	0.037230	0.003585
61106.555496	0.035141	0.003633
61106.556676	0.032884	0.003615
61106.557857	0.035899	0.003594
61106.559037	0.036331	0.003655
61106.560219	0.030929	0.003618
61106.561404	0.040821	0.003691
61106.562585	0.034841	0.003692
61106.563793	0.031181	0.003662
61106.565005	0.036379	0.003653
61106.566181	0.035884	0.003695
61106.567365	0.041543	0.003694
61106.568545	0.029995	0.003704
61106.569726	0.030145	0.003720
61106.570906	0.032812	0.003739
61106.572093	0.030328	0.003710
61106.573272	0.039538	0.003748
61106.574452	0.037520	0.003693
61106.575645	0.034137	0.003711
61106.576855	0.043046	0.003700
61106.578037	0.028921	0.003712
61106.579240	0.037442	0.003753
61106.580426	0.032269	0.003737
61106.581606	0.044505	0.003735
61106.582785	0.038124	0.003711
61106.583973	0.037076	0.003741
61106.585174	0.034436	0.003739
61106.586356	0.036685	0.003704
61106.587541	0.030432	0.003785
61106.588720	0.034308	0.003739
61106.589900	0.034444	0.003782
61106.591078	0.031415	0.003802
61106.592267	0.034883	0.003764
61106.596803	0.040867	0.003832
61106.597980	0.032593	0.003838
61106.599180	0.042041	0.003876
61106.600360	0.039744	0.003848
61106.601541	0.034531	0.003934
61106.602757	0.032860	0.003910
61106.603934	0.037708	0.003910
61106.605137	0.035368	0.003930
61106.606315	0.040607	0.003834
61106.607491	0.042284	0.003896
61106.618116	0.038309	0.003918
61106.619304	0.041980	0.003997
61106.620483	0.041434	0.003955
61106.621664	0.037297	0.004009
61106.622853	0.042748	0.003996
61106.624033	0.043390	0.004021
61106.625215	0.047751	0.004023
61111.505056	0.362206	0.020072
61111.506581	0.354917	0.017212
61111.508105	0.344016	0.015701
61111.509630	0.356734	0.015532
61111.511159	0.361457	0.014979
61111.512693	0.373897	0.015173
61111.514228	0.377761	0.014905
61111.515756	0.392706	0.014993
61111.517284	0.397769	0.015494
61111.518814	0.392388	0.014346
61111.520340	0.384947	0.014225
61111.521867	0.408240	0.014083
61111.523393	0.431381	0.014458
61111.524917	0.416990	0.014329
61111.526445	0.415006	0.014649
61111.527971	0.435285	0.015349
61111.529497	0.405154	0.014500
61111.531024	0.430547	0.014731
61111.532549	0.381429	0.012639
61111.534077	0.446221	0.015378
61111.535602	0.422044	0.014455
61111.537130	0.453886	0.016249
61111.538689	0.403800	0.014569
61111.540220	0.395982	0.014889
61111.541758	0.444133	0.015655
61111.543293	0.435213	0.015513
61111.544825	0.414019	0.014761
61111.546359	0.441131	0.015402
61111.547887	0.430631	0.015655
61111.549459	0.402236	0.014485
61111.550999	0.408275	0.014763
61111.552533	0.401313	0.014315
61111.554065	0.411525	0.014605
61111.555600	0.432103	0.014911
61111.557133	0.421515	0.014784
61111.558664	0.441756	0.015578
61111.560197	0.448583	0.015485
61111.561734	0.457780	0.015932
61111.563275	0.478502	0.016000
61111.564808	0.448707	0.015173
61111.566366	0.454134	0.014713
61111.567891	0.446359	0.014413
61111.569426	0.441061	0.013834
61111.570967	0.460571	0.014283
61111.572500	0.466468	0.014209
61111.574033	0.428278	0.013168
61111.575567	0.447891	0.013872
61111.577100	0.475836	0.014597
61111.578633	0.424264	0.013097
61111.580169	0.461573	0.014363
61111.581703	0.464918	0.014938
61111.583237	0.444931	0.014691
61111.587945	0.495855	0.016904
61111.589469	0.456596	0.015340
61111.591007	0.474986	0.016577
61111.592540	0.508316	0.017276
61111.594071	0.458592	0.015720
61111.595605	0.476709	0.016620
61111.597136	0.462338	0.015822
61111.598677	0.449998	0.014830
61111.600212	0.439632	0.015162
61111.601745	0.462157	0.015828
61111.603277	0.490115	0.016786
61111.604811	0.446793	0.015235
61111.606382	0.464994	0.016085
61111.607944	0.472579	0.015943
61111.609484	0.441117	0.015066
61111.611052	0.450979	0.015693
61112.504988	0.187185	0.021377
61112.506516	0.176295	0.020016
61112.508041	0.158963	0.019561
61112.509569	0.167553	0.017865
61112.511094	0.180702	0.018991
61112.512622	0.186429	0.018985
61112.514146	0.175388	0.019048
61112.515670	0.203173	0.018184
61112.517195	0.198654	0.017847
61112.518721	0.197157	0.018769
61112.520253	0.201513	0.019238
61112.521776	0.166168	0.015367
61112.523302	0.184375	0.015312
61112.524827	0.147399	0.014740
61112.526354	0.192772	0.015957
61112.527891	0.185370	0.017515
61112.529425	0.196899	0.017052
61112.530956	0.214397	0.017955
61112.532479	0.209512	0.017075
61112.534005	0.221694	0.018486
61112.535537	0.227204	0.018129
61112.537061	0.206313	0.017726
61112.538586	0.216349	0.018138
61112.540112	0.240525	0.017945
61112.541636	0.224355	0.017302
61112.543169	0.239254	0.017963
61112.544697	0.264024	0.018569
61112.546221	0.260370	0.018994
61112.547750	0.229662	0.017860
61112.549281	0.236234	0.017280
61112.550811	0.267611	0.018070
61112.552353	0.265809	0.017561
61112.553880	0.221252	0.014080
61112.555408	0.268225	0.016959
61112.556946	0.315336	0.018750
61112.558479	0.288424	0.017667
61112.560003	0.323739	0.018371
61112.561528	0.299459	0.017374
61112.563052	0.324091	0.017332
61112.564578	0.319890	0.018281
61112.566112	0.370478	0.019772
61112.567636	0.331304	0.017973
61112.569160	0.333346	0.018652
61112.570694	0.353591	0.020255
61112.572230	0.362956	0.019194
61112.573760	0.379291	0.020468
61112.575285	0.365302	0.017778
61112.576812	0.390912	0.019976
61112.578335	0.390016	0.020024
61112.579864	0.385922	0.020258
61112.581400	0.400540	0.020147
61112.586016	0.433850	0.021714
61112.587545	0.466321	0.022002
61112.589090	0.479677	0.021349
61112.590616	0.523898	0.021746
61112.592140	0.548944	0.023172
61112.593665	0.574155	0.023071
61112.595194	0.503825	0.020828
61112.596718	0.459562	0.020330
61112.598242	0.476099	0.020416
61112.599768	0.500867	0.021424
61112.601293	0.536277	0.023277
61112.602821	0.477762	0.020340
61112.604345	0.493840	0.021687
61112.605869	0.496342	0.020907
61112.607391	0.519445	0.021856
61112.608916	0.506707	0.021154
61112.610441	0.498552	0.020553
61112.611964	0.545372	0.022459
61112.613488	0.541306	0.022461
61112.615011	0.524527	0.021101
61112.616537	0.557678	0.021511
61112.618061	0.506771	0.020358
61112.619588	0.543862	0.021948
61112.621112	0.521906	0.020646
61112.622640	0.567857	0.021319
61112.624164	0.535167	0.019866
61112.625687	0.562654	0.021168
61112.627220	0.570375	0.021344
61112.628743	0.584331	0.021695
61112.630267	0.575519	0.021987
61112.631792	0.580156	0.022191
61114.540675	0.243843	0.011763
61114.542202	0.245168	0.011564
61114.543729	0.293137	0.012691
61114.545292	0.250686	0.011898
61114.546820	0.274256	0.011903
61114.548349	0.272750	0.011920
61114.549877	0.254250	0.011826
61114.551408	0.265971	0.011695
61114.552937	0.272966	0.012195
61114.554465	0.251079	0.011488
61114.555995	0.263689	0.011802
61114.557522	0.275830	0.012126
61114.559054	0.279168	0.012119
61114.560585	0.256453	0.011880
61114.562113	0.257087	0.011364
61114.563642	0.261849	0.011248
61114.565169	0.272760	0.011621
61114.566704	0.260288	0.011495
61114.568232	0.259621	0.011277
61114.569761	0.252844	0.011228
61114.571288	0.268774	0.011539
61114.572817	0.246458	0.010957
61114.574344	0.245302	0.010639
61114.575873	0.278430	0.011007
61114.577401	0.248359	0.010810
61114.582229	0.248512	0.010979
61114.583756	0.252960	0.010923
61114.585287	0.249248	0.010668
61114.586823	0.236929	0.010690
61114.588349	0.242473	0.010561
61114.589876	0.262399	0.011049
61114.591403	0.217472	0.010465
61114.592932	0.227787	0.010596
61114.594461	0.233420	0.010615
61114.595988	0.245351	0.010418
61114.597516	0.240124	0.010481
61114.599041	0.242629	0.010557
61114.600567	0.233473	0.010308
61114.602094	0.242909	0.010539
61114.603623	0.217198	0.009946
61114.605154	0.211065	0.009860
61114.606680	0.242312	0.010215
61114.608208	0.229377	0.010034
61114.609739	0.221126	0.009805
61114.611268	0.204017	0.009713
61116.499474	0.514409	0.091634
61116.506137	0.440575	0.069566
61116.508358	0.284790	0.058996
61116.510605	0.413593	0.058788
61116.512827	0.396964	0.065112
61116.515057	0.404016	0.058871
61116.517280	0.232741	0.043046
61116.519494	0.327281	0.060864
61116.521716	0.376979	0.051362
61116.523938	0.314063	0.050677
61116.526167	0.339244	0.058072
61116.528391	0.408045	0.058573
61116.530614	0.368437	0.054818
61116.532836	0.311664	0.050920
61116.535056	0.254776	0.037768
61116.537283	0.232285	0.037454
61116.539503	0.264484	0.043537
61116.541726	0.179475	0.038991
61116.543945	0.198749	0.042738
61116.546170	0.182051	0.040575
61116.548396	0.247073	0.047137
61116.550616	0.149283	0.042214
61116.552834	0.247855	0.049530
61116.555056	0.176221	0.035389
61116.557278	0.239678	0.044086
61116.559510	0.183243	0.042864
61116.561733	0.125975	0.036187
61116.563954	0.243847	0.045263
61116.566174	0.263688	0.046892
61116.568395	0.219641	0.042452
61116.570621	0.351479	0.048895
61116.572843	0.341139	0.042355
61116.578714	0.370483	0.049488
61116.580940	0.430173	0.065063
61116.583165	0.356409	0.055249
61116.585385	0.367851	0.054027
61116.587605	0.489579	0.065085
61116.589824	0.377405	0.052097
61116.592049	0.465176	0.060115
61116.594271	0.380126	0.044851
61116.596495	0.422513	0.044483
61116.598735	0.517310	0.054668
61116.600949	0.580892	0.056015
61116.603167	0.618190	0.051502
61116.612067	0.577137	0.049270
61116.614308	0.534827	0.047770
61116.616527	0.456840	0.042568
61116.618769	0.574865	0.051999
61116.620988	0.590411	0.055772
61116.623224	0.630099	0.056865
61116.625451	0.607718	0.051264
61116.627691	0.643323	0.052857
61116.629906	0.567303	0.045280
61116.632126	0.519460	0.041518
61116.634364	0.609032	0.050862
61116.636608	0.595855	0.047025
61116.638825	0.623095	0.054835
61116.641043	0.649266	0.054152
61116.643261	0.585059	0.048108
61116.645475	0.632871	0.048935
61116.647723	0.718644	0.056475
61116.649938	0.675230	0.052718
61116.652158	0.703981	0.055578
61116.654398	0.674698	0.054775
61116.656619	0.583921	0.048015
61116.658855	0.709566	0.054827
61116.661075	0.653378	0.051926
61116.663295	0.764768	0.061188
61116.665512	0.856271	0.065005
61116.667728	0.857394	0.073170
61116.669950	0.792764	0.065568
61116.672190	0.927373	0.076867
61116.674406	0.747057	0.058152
61116.676625	0.862876	0.067636
61116.678845	0.829850	0.067539
61116.681083	0.844274	0.063128
61116.683304	0.830627	0.062472
61116.685542	0.857957	0.063817
61116.687759	0.858215	0.066924
61116.689983	0.958781	0.073093
61116.692206	0.922758	0.069229
61116.707771	1.133225	0.096658
61116.709986	0.890278	0.067503
61116.712200	1.037344	0.086698
61116.716663	0.848426	0.065936
61116.718878	0.898440	0.068494
61116.721099	0.823618	0.059626
61117.500300	0.659936	0.059160
61117.502527	0.680693	0.058479
61117.504747	0.711872	0.058346
61117.506966	0.682403	0.053881
61117.509183	0.612666	0.046658
61117.511402	0.619568	0.044827
61117.513630	0.615503	0.048088
61117.515850	0.604726	0.045695
61117.518067	0.596310	0.046540
61117.520286	0.739572	0.055495
61117.522504	0.731648	0.059356
61117.524732	0.599690	0.046856
61117.526949	0.676693	0.053690
61117.529171	0.606689	0.045649
61117.531391	0.724258	0.054536
61117.533609	0.627240	0.048108
61117.535845	0.619719	0.046196
61117.538071	0.706195	0.056755
61117.540301	0.674659	0.051842
61117.542529	0.530629	0.039434
61117.544762	0.586240	0.047428
61117.546998	0.625342	0.049706
61117.549229	0.620385	0.049171
61117.551449	0.608892	0.050120
61117.553681	0.592058	0.045061
61117.555906	0.625957	0.046504
61117.558137	0.572347	0.041551
61117.560357	0.621910	0.044592
61117.562577	0.660616	0.044462
61117.596821	0.495988	0.036996
61117.599048	0.482993	0.038458
61117.601285	0.489313	0.038404
61117.603505	0.394454	0.035778
61117.605725	0.403154	0.034698
61117.607944	0.405161	0.033895
61117.610170	0.435880	0.035069
61117.612390	0.422955	0.037357
61117.614632	0.390582	0.035369
61117.616852	0.413417	0.039172
61117.619072	0.383463	0.038272
61117.621300	0.371410	0.034422
61117.623539	0.328255	0.035286
61117.625753	0.304939	0.034248
61117.627966	0.310361	0.034834
61117.630185	0.262684	0.032270
61117.632412	0.322214	0.036826
61117.634650	0.301660	0.036182
61117.636870	0.208228	0.031478
61117.639110	0.266114	0.030597
61117.641323	0.220437	0.029244
61117.643573	0.248303	0.032070
61117.645786	0.156373	0.029534
61117.648005	0.180878	0.029181
61117.650244	0.139348	0.029125
61117.652463	0.198630	0.029919
61117.654701	0.224446	0.031454
61117.656916	0.186742	0.027781
61117.659136	0.201023	0.035242
61117.661375	0.191176	0.035104
61117.663600	0.201263	0.034515
61117.665839	0.178951	0.036923
61117.668054	0.176143	0.034067
61117.670277	0.164341	0.036336
61117.672515	0.201582	0.032501
61119.522103	0.196543	0.055004
61119.524324	0.164931	0.050169
61119.526546	0.113669	0.053853
61119.528769	0.125167	0.067992
61119.530999	0.120477	0.066920
61119.537663	0.070013	0.063310
61119.539889	0.100851	0.047757
61119.542117	0.060551	0.052889
61119.551013	0.054205	0.033912
61119.553242	0.042460	0.051198
61119.555479	0.090838	0.056385
61122.578859	0.198015	0.020097
61122.581090	0.201450	0.019110
61122.583314	0.181288	0.018168
61122.585542	0.150702	0.019241
61122.587761	0.184261	0.019034
61122.589993	0.209489	0.019458
61122.592220	0.178716	0.019559
61122.594440	0.197767	0.018874
61122.596673	0.229015	0.019096
61122.598900	0.217175	0.019363
61122.601150	0.221645	0.019221
61122.603372	0.220810	0.019925
61122.605600	0.201049	0.018970
61122.607827	0.203084	0.017924
61122.610053	0.243213	0.018997
61122.612283	0.263893	0.019741
61122.614510	0.289683	0.020536
61122.616742	0.235726	0.019261
61122.618975	0.220702	0.018611
61122.621218	0.302094	0.020225
61122.623440	0.281382	0.019082
61122.625678	0.319121	0.020869
