#	Label	J.D.-2400000	rel_flux_T1	rel_flux_err_T1	AIRMASS
1	G2882-S001-R001-C001-R_out.fits	61112.504988	0.187185	0.021377	1.719976
2	G2882-S001-R001-C002-R_out.fits	61112.506516	0.176295	0.020016	1.708956
3	G2882-S001-R001-C003-R_out.fits	61112.508041	0.158963	0.019561	1.698290
4	G2882-S001-R001-C004-R_out.fits	61112.509569	0.167553	0.017865	1.687932
5	G2882-S001-R001-C005-R_out.fits	61112.511094	0.180702	0.018991	1.677905
6	G2882-S001-R001-C006-R_out.fits	61112.512622	0.186429	0.018985	1.668166
7	G2882-S001-R001-C007-R_out.fits	61112.514146	0.175388	0.019048	1.658757
8	G2882-S001-R001-C008-R_out.fits	61112.515670	0.203173	0.018184	1.649636
9	G2882-S001-R001-C009-R_out.fits	61112.517195	0.198654	0.017847	1.640801
10	G2882-S001-R001-C010-R_out.fits	61112.518721	0.197157	0.018769	1.632235
11	G2882-S001-R001-C011-R_out.fits	61112.520253	0.201513	0.019238	1.623910
12	G2882-S001-R001-C012-R_out.fits	61112.521776	0.166168	0.015367	1.615901
13	G2882-S001-R001-C013-R_out.fits	61112.523302	0.184375	0.015312	1.608137
14	G2882-S001-R001-C014-R_out.fits	61112.524827	0.147399	0.014740	1.600633
15	G2882-S001-R001-C015-R_out.fits	61112.526354	0.192772	0.015957	1.593369
16	G2882-S001-R001-C016-R_out.fits	61112.527891	0.185370	0.017515	1.586310
17	G2882-S001-R001-C017-R_out.fits	61112.529425	0.196899	0.017052	1.579502
18	G2882-S001-R001-C018-R_out.fits	61112.530956	0.214397	0.017955	1.572941
19	G2882-S001-R001-C019-R_out.fits	61112.532479	0.209512	0.017075	1.566648
20	G2882-S001-R001-C020-R_out.fits	61112.534005	0.221694	0.018486	1.560571
21	G2882-S001-R001-C021-R_out.fits	61112.535537	0.227204	0.018129	1.554689
22	G2882-S001-R001-C022-R_out.fits	61112.537061	0.206313	0.017726	1.549058
23	G2882-S001-R001-C023-R_out.fits	61112.538586	0.216349	0.018138	1.543637
24	G2882-S001-R001-C024-R_out.fits	61112.540112	0.240525	0.017945	1.538425
25	G2882-S001-R001-C025-R_out.fits	61112.541636	0.224355	0.017302	1.533426
26	G2882-S001-R001-C026-R_out.fits	61112.543169	0.239254	0.017963	1.528602
27	G2882-S001-R001-C027-R_out.fits	61112.544697	0.264024	0.018569	1.523996
28	G2882-S001-R001-C028-R_out.fits	61112.546221	0.260370	0.018994	1.519602
29	G2882-S001-R001-C029-R_out.fits	61112.547750	0.229662	0.017860	1.515386
30	G2882-S001-R001-C030-R_out.fits	61112.549281	0.236234	0.017280	1.511361
31	G2882-S001-R001-C031-R_out.fits	61112.550811	0.267611	0.018070	1.507529
32	G2882-S001-R001-C032-R_out.fits	61112.552353	0.265809	0.017561	1.503858
33	G2882-S001-R001-C033-R_out.fits	61112.553880	0.221252	0.014080	1.500409
34	G2882-S001-R001-C034-R_out.fits	61112.555408	0.268225	0.016959	1.497142
35	G2882-S001-R001-C035-R_out.fits	61112.556946	0.315336	0.018750	1.494039
36	G2882-S001-R001-C036-R_out.fits	61112.558479	0.288424	0.017667	1.491127
37	G2882-S001-R001-C037-R_out.fits	61112.560003	0.323739	0.018371	1.488409
38	G2882-S001-R001-C038-R_out.fits	61112.561528	0.299459	0.017374	1.485867
39	G2882-S001-R001-C039-R_out.fits	61112.563052	0.324091	0.017332	1.483500
40	G2882-S001-R001-C040-R_out.fits	61112.564578	0.319890	0.018281	1.481304
41	G2882-S001-R001-C041-R_out.fits	61112.566112	0.370478	0.019772	1.479269
42	G2882-S001-R001-C042-R_out.fits	61112.567636	0.331304	0.017973	1.477419
43	G2882-S001-R001-C043-R_out.fits	61112.569160	0.333346	0.018652	1.475737
44	G2882-S001-R001-C044-R_out.fits	61112.570694	0.353591	0.020255	1.474216
45	G2882-S001-R001-C045-R_out.fits	61112.572230	0.362956	0.019194	1.472862
46	G2882-S001-R001-C046-R_out.fits	61112.573760	0.379291	0.020468	1.471682
47	G2882-S001-R001-C047-R_out.fits	61112.575285	0.365302	0.017778	1.470672
48	G2882-S001-R001-C048-R_out.fits	61112.576812	0.390912	0.019976	1.469827
49	G2882-S001-R001-C049-R_out.fits	61112.578335	0.390016	0.020024	1.469148
50	G2882-S001-R001-C050-R_out.fits	61112.579864	0.385922	0.020258	1.468633
51	G2882-S001-R001-C051-R_out.fits	61112.581400	0.400540	0.020147	1.468282
52	G2882-S001-R001-C052-R_out.fits	61112.586016	0.433850	0.021714	1.468237
53	G2882-S001-R001-C053-R_out.fits	61112.587545	0.466321	0.022002	1.468543
54	G2882-S001-R001-C054-R_out.fits	61112.589090	0.479677	0.021349	1.469028
55	G2882-S001-R001-C055-R_out.fits	61112.590616	0.523898	0.021746	1.469674
56	G2882-S001-R001-C056-R_out.fits	61112.592140	0.548944	0.023172	1.470484
57	G2882-S001-R001-C057-R_out.fits	61112.593665	0.574155	0.023071	1.471459
58	G2882-S001-R001-C058-R_out.fits	61112.595194	0.503825	0.020828	1.472603
59	G2882-S001-R001-C059-R_out.fits	61112.596718	0.459562	0.020330	1.473912
60	G2882-S001-R001-C060-R_out.fits	61112.598242	0.476099	0.020416	1.475387
61	G2882-S001-R001-C061-R_out.fits	61112.599768	0.500867	0.021424	1.477033
62	G2882-S001-R001-C062-R_out.fits	61112.601293	0.536277	0.023277	1.478846
63	G2882-S001-R001-C063-R_out.fits	61112.602821	0.477762	0.020340	1.480835
64	G2882-S001-R001-C064-R_out.fits	61112.604345	0.493840	0.021687	1.482991
65	G2882-S001-R001-C065-R_out.fits	61112.605869	0.496342	0.020907	1.485317
66	G2882-S001-R001-C066-R_out.fits	61112.607391	0.519445	0.021856	1.487816
67	G2882-S001-R001-C067-R_out.fits	61112.608916	0.506707	0.021154	1.490494
68	G2882-S001-R001-C068-R_out.fits	61112.610441	0.498552	0.020553	1.493350
69	G2882-S001-R001-C069-R_out.fits	61112.611964	0.545372	0.022459	1.496382
70	G2882-S001-R001-C070-R_out.fits	61112.613488	0.541306	0.022461	1.499596
71	G2882-S001-R001-C071-R_out.fits	61112.615011	0.524527	0.021101	1.502991
72	G2882-S001-R001-C072-R_out.fits	61112.616537	0.557678	0.021511	1.506576
73	G2882-S001-R001-C073-R_out.fits	61112.618061	0.506771	0.020358	1.510342
74	G2882-S001-R001-C074-R_out.fits	61112.619588	0.543862	0.021948	1.514309
75	G2882-S001-R001-C075-R_out.fits	61112.621112	0.521906	0.020646	1.518459
76	G2882-S001-R001-C076-R_out.fits	61112.622640	0.567857	0.021319	1.522813
77	G2882-S001-R001-C077-R_out.fits	61112.624164	0.535167	0.019866	1.527353
78	G2882-S001-R001-C078-R_out.fits	61112.625687	0.562654	0.021168	1.532091
79	G2882-S001-R001-C079-R_out.fits	61112.627220	0.570375	0.021344	1.537064
80	G2882-S001-R001-C080-R_out.fits	61112.628743	0.584331	0.021695	1.542212
81	G2882-S001-R001-C081-R_out.fits	61112.630267	0.575519	0.021987	1.547571
82	G2882-S001-R001-C082-R_out.fits	61112.631792	0.580156	0.022191	1.553149
