61100.719802	0.338610	0.009054
61100.720313	0.366528	0.009329
61100.720812	0.354604	0.009268
61100.721314	0.360991	0.009223
61100.721822	0.355784	0.009255
61100.722320	0.350546	0.009126
61100.722834	0.357644	0.008969
61100.723334	0.356241	0.009063
61100.723819	0.372304	0.009476
61100.724345	0.353883	0.008989
61100.724822	0.358452	0.009186
61100.725307	0.373377	0.009350
61100.725795	0.375881	0.009334
61100.726295	0.362130	0.009172
61100.726777	0.355466	0.009034
61100.727257	0.347882	0.009050
61100.727737	0.350519	0.009137
61100.728214	0.350194	0.009078
61100.728706	0.382626	0.009570
61100.729185	0.365820	0.009277
61100.729685	0.350692	0.008989
61100.730169	0.376317	0.009613
61100.730667	0.364352	0.009027
61100.731167	0.361267	0.009258
61100.731646	0.357927	0.009242
61100.732123	0.352914	0.008945
61100.732623	0.347560	0.009086
61100.733100	0.373023	0.009672
61100.733609	0.351601	0.009108
61100.734090	0.340493	0.009054
61100.734574	0.355056	0.009027
61100.735052	0.353980	0.009156
61100.735536	0.359712	0.009060
61100.736016	0.353765	0.008969
61100.736498	0.359440	0.009231
61100.736976	0.347219	0.008984
61100.737458	0.357321	0.009111
61100.737957	0.333669	0.008774
61100.738465	0.345968	0.008961
61100.738943	0.351677	0.009111
61100.739423	0.324830	0.008783
61100.739921	0.351398	0.009344
61100.740419	0.333978	0.008770
61100.740918	0.352003	0.009129
61100.741396	0.336182	0.009044
61100.741877	0.331825	0.008780
61100.742377	0.348926	0.009121
61100.742854	0.343635	0.008926
61100.743360	0.345126	0.009054
61100.744909	0.332637	0.008911
61100.745419	0.332281	0.009010
61100.745898	0.332020	0.008696
61100.746398	0.346626	0.009058
61100.746900	0.332121	0.008962
61100.747378	0.330576	0.008895
61100.747855	0.348500	0.008914
61100.748356	0.347329	0.008998
61100.748836	0.336718	0.009082
61100.749314	0.329866	0.008648
61100.749794	0.343438	0.008942
61100.750301	0.348339	0.008905
61100.750778	0.342227	0.008930
61100.751256	0.341058	0.008870
61100.751742	0.355156	0.009115
61100.752219	0.356213	0.009049
61100.752699	0.339115	0.008848
61100.753180	0.353872	0.009124
61100.753663	0.368043	0.009100
61100.754144	0.341727	0.008867
61100.754627	0.354240	0.009106
61100.755140	0.348095	0.008793
61100.755619	0.360651	0.009128
61100.756100	0.357788	0.008907
61100.756590	0.368015	0.009275
61100.757071	0.356801	0.009230
61100.757552	0.353186	0.008935
61100.758030	0.367351	0.009123
61100.758507	0.364915	0.009092
61100.758986	0.346305	0.008843
61100.759464	0.371874	0.009373
61100.759980	0.344305	0.008774
61100.760480	0.349510	0.009079
61100.760956	0.352569	0.008897
61100.761437	0.362305	0.009074
61100.761916	0.367059	0.009278
61100.762395	0.365704	0.009271
61100.762873	0.344964	0.008789
61100.763352	0.362683	0.009034
61100.763829	0.348671	0.008894
61100.764311	0.370304	0.009434
61100.764805	0.342830	0.008880
61100.765283	0.370854	0.009220
61100.765760	0.362436	0.009070
61100.766270	0.370529	0.009061
61100.766747	0.363729	0.009155
61100.767226	0.362346	0.008945
61100.767709	0.350854	0.008899
61100.768188	0.357108	0.008907
61100.768666	0.360421	0.009195
61100.769145	0.342860	0.008905
61100.769623	0.370384	0.009251
61100.773023	0.360489	0.009000
61100.773501	0.356549	0.008889
61100.773980	0.366745	0.009299
61100.774463	0.361497	0.008996
61100.774941	0.362836	0.008937
61100.775420	0.359148	0.008926
61100.775904	0.347790	0.008865
61100.776382	0.361574	0.009007
61100.776859	0.368232	0.009311
61100.777369	0.358323	0.008994
61100.777847	0.358268	0.009074
61100.778356	0.357145	0.009001
61100.778834	0.353814	0.008935
61100.779313	0.368237	0.009317
61100.779801	0.345250	0.008820
61100.780279	0.367468	0.009156
61100.780764	0.373364	0.009198
61100.781240	0.354785	0.008970
61100.781718	0.367771	0.008989
61100.782227	0.355045	0.008900
61100.782704	0.351264	0.008882
61100.783182	0.356520	0.009027
61100.783662	0.363816	0.009291
61100.784140	0.359576	0.009017
61100.784621	0.359787	0.009101
61100.785099	0.363779	0.009137
61100.785576	0.355070	0.009017
61100.786055	0.382259	0.009458
61100.786533	0.379456	0.009152
61100.789497	0.353970	0.007788
61100.789981	0.357764	0.007699
61100.790487	0.353516	0.007864
61100.790964	0.360421	0.007726
61100.791443	0.355937	0.007934
61100.791953	0.355838	0.007835
61100.792430	0.356760	0.007853
61100.792908	0.365229	0.007968
61100.793388	0.360456	0.007846
61100.793864	0.360517	0.007799
61100.794341	0.349532	0.007674
61100.794820	0.371358	0.008078
61100.795299	0.349542	0.007756
61100.795778	0.349578	0.007766
61100.796255	0.362022	0.007853
61100.796739	0.369759	0.007921
61100.797217	0.363164	0.008011
61100.797694	0.364353	0.007800
61100.798204	0.351165	0.007698
61100.798681	0.347908	0.007739
61100.799164	0.363882	0.007852
61100.799642	0.353984	0.007723
61100.800119	0.364135	0.007916
61100.800618	0.362363	0.007917
61100.801095	0.368670	0.008124
61100.801573	0.370917	0.007958
61100.802050	0.345800	0.007550
61100.802528	0.368656	0.007896
61100.803010	0.352901	0.007755
61100.803489	0.363125	0.007891
61100.803968	0.368298	0.007819
61100.804478	0.346577	0.007529
61100.804955	0.380509	0.007980
61100.805433	0.361405	0.007809
61100.805910	0.366734	0.007843
61100.806387	0.367248	0.007778
61100.806891	0.367208	0.007827
61100.807371	0.361660	0.007806
61100.807851	0.370268	0.007846
61100.808330	0.378807	0.007903
61100.808810	0.369728	0.007793
61100.809331	0.371058	0.007904
61100.809816	0.373814	0.007874
61100.810294	0.383986	0.008074
61100.810776	0.378593	0.008014
61100.811254	0.366955	0.007626
61100.811731	0.372170	0.007821
61100.812209	0.374215	0.007914
61100.812688	0.390204	0.007971
61100.813173	0.395950	0.008048
61100.813654	0.392163	0.007970
61100.814148	0.406033	0.008075
61100.816073	0.388394	0.007980
61100.816551	0.387594	0.007976
61100.817031	0.374949	0.007862
61100.817508	0.390835	0.007909
61100.817988	0.367313	0.007665
61100.818465	0.399231	0.008053
61100.818941	0.379399	0.007842
61100.819423	0.383941	0.007762
61100.819902	0.393079	0.007895
61100.820415	0.383492	0.007820
61100.820899	0.376750	0.007847
61100.821380	0.389919	0.007821
61100.821865	0.374222	0.007750
61100.822347	0.380429	0.007758
61100.822826	0.389405	0.007873
61100.823306	0.387604	0.007858
61100.824748	0.387479	0.007839
61100.825235	0.381846	0.007706
61100.825723	0.381669	0.007818
61100.826202	0.383779	0.007790
61100.826713	0.387247	0.007838
61100.827192	0.373944	0.007562
61100.827672	0.379721	0.007748
61100.828151	0.381645	0.007542
61100.828632	0.380188	0.007615
61100.829112	0.385216	0.007601
61100.829598	0.395684	0.007880
61100.830092	0.380949	0.007658
61100.830572	0.388245	0.007587
61100.831050	0.402825	0.007803
61100.831573	0.386693	0.007609
61100.832052	0.391698	0.007695
61100.832531	0.381308	0.007595
61100.833012	0.375158	0.007440
61100.833489	0.378833	0.007472
61100.833966	0.389982	0.007574
61100.834447	0.388158	0.007644
61100.834932	0.388064	0.007662
61100.835412	0.382056	0.007505
61100.835890	0.394780	0.007714
61100.836401	0.385040	0.007366
61100.836884	0.381627	0.007372
61100.837362	0.390583	0.007490
61100.837843	0.377177	0.007346
61100.838327	0.374470	0.007366
61100.838804	0.382885	0.007351
61100.839285	0.380382	0.007296
61100.839764	0.375491	0.007176
61100.840242	0.390600	0.007435
61100.840719	0.373101	0.007034
61100.841204	0.373082	0.007110
61100.841684	0.381396	0.007139
61100.842164	0.386647	0.007236
61100.842674	0.375547	0.007018
61100.843154	0.386422	0.007123
61100.843641	0.397477	0.007262
61100.844120	0.385167	0.007051
61100.844604	0.375021	0.006884
61100.845082	0.387579	0.006952
61100.845560	0.389147	0.006915
61100.846042	0.377983	0.006909
61100.846520	0.377066	0.006742
61100.846997	0.375103	0.006723
61100.847508	0.396260	0.006990
61100.847985	0.379669	0.006720
61100.848462	0.384806	0.006673
61100.848942	0.385214	0.006706
61100.849420	0.377031	0.006616
61100.849903	0.378171	0.006663
61100.850389	0.388169	0.006669
61100.850867	0.380614	0.006440
61100.851344	0.372108	0.006333
61100.851821	0.374416	0.006412
61100.852302	0.376965	0.006327
61100.852781	0.377054	0.006323
61100.853259	0.370022	0.006239
61100.853768	0.372302	0.006236
61100.854246	0.366826	0.006041
61100.854723	0.365347	0.005973
61100.855201	0.364313	0.005921
61100.855678	0.360507	0.005912
61100.856156	0.361603	0.005903
61100.856634	0.364063	0.005867
61100.857119	0.354242	0.005760
61100.857595	0.353056	0.005658
61100.858074	0.356975	0.005693
61100.858562	0.356129	0.005667
61100.859039	0.360674	0.005699
61100.859517	0.359538	0.005609
61100.861942	0.343264	0.005273
61100.862424	0.343790	0.005276
61100.862901	0.349380	0.005300
61100.863379	0.351782	0.005359
61100.863865	0.357188	0.005290
61100.864344	0.365344	0.005399
61100.864847	0.356487	0.005281
61100.865324	0.344351	0.005121
61100.865802	0.343777	0.005165
61100.866289	0.344078	0.005122
61100.866766	0.347931	0.005109
61100.867246	0.343823	0.005068
61100.867723	0.363375	0.005177
61100.868201	0.360361	0.005222
61100.868679	0.355629	0.005129
61100.869157	0.356479	0.005160
61100.869636	0.349990	0.005078
61100.870113	0.347887	0.005058
61100.870592	0.352160	0.005094
61100.871094	0.356253	0.005116
61100.871572	0.365316	0.005115
61100.872052	0.356694	0.005069
61100.872538	0.360352	0.005088
61100.873018	0.368525	0.005184
61100.873498	0.359228	0.005038
61100.873979	0.367614	0.005128
61100.874455	0.370245	0.005169
61100.874939	0.365081	0.005191
61100.875417	0.356554	0.005051
61100.875906	0.371750	0.005163
61100.876384	0.371675	0.005183
61100.876862	0.367853	0.005082
61100.877374	0.363493	0.005094
61100.877852	0.365094	0.005060
61100.878330	0.386253	0.005219
61100.878809	0.366836	0.005096
61100.879287	0.365959	0.005102
61100.879764	0.364454	0.005129
61100.880242	0.384119	0.005263
61100.880719	0.382943	0.005235
61100.881197	0.375613	0.005182
61100.881675	0.363809	0.005081
61100.882156	0.368906	0.005150
61100.882640	0.364901	0.005128
61100.883119	0.370806	0.005117
61100.883627	0.372905	0.005205
61100.884132	0.363440	0.005146
61100.884609	0.367142	0.005164
61100.885088	0.370289	0.005110
61100.885570	0.374038	0.005225
61100.886070	0.361703	0.005047
61100.886548	0.367290	0.005144
61100.887029	0.371863	0.005201
61100.887508	0.349823	0.005031
61100.887985	0.357668	0.005174
61100.888495	0.363419	0.005168
61100.888980	0.364324	0.005188
61100.889462	0.366365	0.005236
61100.889951	0.355730	0.005185
61100.890997	0.366540	0.005269
61100.891480	0.372076	0.005375
61100.892009	0.355083	0.005215
61100.892492	0.358684	0.005303
61100.892975	0.368701	0.005451
61100.893458	0.372867	0.005479
61100.893942	0.368345	0.005527
61100.894427	0.369248	0.005559
61100.894912	0.364305	0.005610
61100.895406	0.367598	0.005715
61100.895890	0.360980	0.005712
61100.896373	0.356690	0.005737
61100.896856	0.361786	0.005885
61100.897338	0.363611	0.006048
61100.897817	0.363458	0.006185
61100.898299	0.357686	0.006368
61100.898782	0.372613	0.006722
61100.899266	0.359732	0.006710
