#	Label	J.D.-2400000	rel_flux_T1	rel_flux_err_T1
1	K01E00C-S001-R001-C001-R_out.fits	61100.719802	0.338610	0.009054
2	K01E00C-S001-R001-C002-R_out.fits	61100.720313	0.366528	0.009329
3	K01E00C-S001-R001-C003-R_out.fits	61100.720812	0.354604	0.009268
4	K01E00C-S001-R001-C004-R_out.fits	61100.721314	0.360991	0.009223
5	K01E00C-S001-R001-C005-R_out.fits	61100.721822	0.355784	0.009255
6	K01E00C-S001-R001-C006-R_out.fits	61100.722320	0.350546	0.009126
7	K01E00C-S001-R001-C007-R_out.fits	61100.722834	0.357644	0.008969
8	K01E00C-S001-R001-C008-R_out.fits	61100.723334	0.356241	0.009063
9	K01E00C-S001-R001-C009-R_out.fits	61100.723819	0.372304	0.009476
10	K01E00C-S001-R001-C010-R_out.fits	61100.724345	0.353883	0.008989
11	K01E00C-S001-R001-C011-R_out.fits	61100.724822	0.358452	0.009186
12	K01E00C-S001-R001-C012-R_out.fits	61100.725307	0.373377	0.009350
13	K01E00C-S001-R001-C013-R_out.fits	61100.725795	0.375881	0.009334
14	K01E00C-S001-R001-C014-R_out.fits	61100.726295	0.362130	0.009172
15	K01E00C-S001-R001-C015-R_out.fits	61100.726777	0.355466	0.009034
16	K01E00C-S001-R001-C016-R_out.fits	61100.727257	0.347882	0.009050
17	K01E00C-S001-R001-C017-R_out.fits	61100.727737	0.350519	0.009137
18	K01E00C-S001-R001-C018-R_out.fits	61100.728214	0.350194	0.009078
19	K01E00C-S001-R001-C019-R_out.fits	61100.728706	0.382626	0.009570
20	K01E00C-S001-R001-C020-R_out.fits	61100.729185	0.365820	0.009277
21	K01E00C-S001-R001-C021-R_out.fits	61100.729685	0.350692	0.008989
22	K01E00C-S001-R001-C022-R_out.fits	61100.730169	0.376317	0.009613
23	K01E00C-S001-R001-C023-R_out.fits	61100.730667	0.364352	0.009027
24	K01E00C-S001-R001-C024-R_out.fits	61100.731167	0.361267	0.009258
25	K01E00C-S001-R001-C025-R_out.fits	61100.731646	0.357927	0.009242
26	K01E00C-S001-R001-C026-R_out.fits	61100.732123	0.352914	0.008945
27	K01E00C-S001-R001-C027-R_out.fits	61100.732623	0.347560	0.009086
28	K01E00C-S001-R001-C028-R_out.fits	61100.733100	0.373023	0.009672
29	K01E00C-S001-R001-C029-R_out.fits	61100.733609	0.351601	0.009108
30	K01E00C-S001-R001-C030-R_out.fits	61100.734090	0.340493	0.009054
31	K01E00C-S001-R001-C031-R_out.fits	61100.734574	0.355056	0.009027
32	K01E00C-S001-R001-C032-R_out.fits	61100.735052	0.353980	0.009156
33	K01E00C-S001-R001-C033-R_out.fits	61100.735536	0.359712	0.009060
34	K01E00C-S001-R001-C034-R_out.fits	61100.736016	0.353765	0.008969
35	K01E00C-S001-R001-C035-R_out.fits	61100.736498	0.359440	0.009231
36	K01E00C-S001-R001-C036-R_out.fits	61100.736976	0.347219	0.008984
37	K01E00C-S001-R001-C037-R_out.fits	61100.737458	0.357321	0.009111
38	K01E00C-S001-R001-C038-R_out.fits	61100.737957	0.333669	0.008774
39	K01E00C-S001-R001-C039-R_out.fits	61100.738465	0.345968	0.008961
40	K01E00C-S001-R001-C040-R_out.fits	61100.738943	0.351677	0.009111
41	K01E00C-S001-R001-C041-R_out.fits	61100.739423	0.324830	0.008783
42	K01E00C-S001-R001-C042-R_out.fits	61100.739921	0.351398	0.009344
43	K01E00C-S001-R001-C043-R_out.fits	61100.740419	0.333978	0.008770
44	K01E00C-S001-R001-C044-R_out.fits	61100.740918	0.352003	0.009129
45	K01E00C-S001-R001-C045-R_out.fits	61100.741396	0.336182	0.009044
46	K01E00C-S001-R001-C046-R_out.fits	61100.741877	0.331825	0.008780
47	K01E00C-S001-R001-C047-R_out.fits	61100.742377	0.348926	0.009121
48	K01E00C-S001-R001-C048-R_out.fits	61100.742854	0.343635	0.008926
49	K01E00C-S001-R001-C049-R_out.fits	61100.743360	0.345126	0.009054
50	K01E00C-S001-R001-C051-R_out.fits	61100.744909	0.332637	0.008911
51	K01E00C-S001-R001-C052-R_out.fits	61100.745419	0.332281	0.009010
52	K01E00C-S001-R001-C053-R_out.fits	61100.745898	0.332020	0.008696
53	K01E00C-S001-R001-C054-R_out.fits	61100.746398	0.346626	0.009058
54	K01E00C-S001-R001-C055-R_out.fits	61100.746900	0.332121	0.008962
55	K01E00C-S001-R001-C056-R_out.fits	61100.747378	0.330576	0.008895
56	K01E00C-S001-R001-C057-R_out.fits	61100.747855	0.348500	0.008914
57	K01E00C-S001-R001-C058-R_out.fits	61100.748356	0.347329	0.008998
58	K01E00C-S001-R001-C059-R_out.fits	61100.748836	0.336718	0.009082
59	K01E00C-S001-R001-C060-R_out.fits	61100.749314	0.329866	0.008648
60	K01E00C-S001-R001-C061-R_out.fits	61100.749794	0.343438	0.008942
61	K01E00C-S001-R001-C062-R_out.fits	61100.750301	0.348339	0.008905
62	K01E00C-S001-R001-C063-R_out.fits	61100.750778	0.342227	0.008930
63	K01E00C-S001-R001-C064-R_out.fits	61100.751256	0.341058	0.008870
64	K01E00C-S001-R001-C065-R_out.fits	61100.751742	0.355156	0.009115
65	K01E00C-S001-R001-C066-R_out.fits	61100.752219	0.356213	0.009049
66	K01E00C-S001-R001-C067-R_out.fits	61100.752699	0.339115	0.008848
67	K01E00C-S001-R001-C068-R_out.fits	61100.753180	0.353872	0.009124
68	K01E00C-S001-R001-C069-R_out.fits	61100.753663	0.368043	0.009100
69	K01E00C-S001-R001-C070-R_out.fits	61100.754144	0.341727	0.008867
70	K01E00C-S001-R001-C071-R_out.fits	61100.754627	0.354240	0.009106
71	K01E00C-S001-R001-C072-R_out.fits	61100.755140	0.348095	0.008793
72	K01E00C-S001-R001-C073-R_out.fits	61100.755619	0.360651	0.009128
73	K01E00C-S001-R001-C074-R_out.fits	61100.756100	0.357788	0.008907
74	K01E00C-S001-R001-C075-R_out.fits	61100.756590	0.368015	0.009275
75	K01E00C-S001-R001-C076-R_out.fits	61100.757071	0.356801	0.009230
76	K01E00C-S001-R001-C077-R_out.fits	61100.757552	0.353186	0.008935
77	K01E00C-S001-R001-C078-R_out.fits	61100.758030	0.367351	0.009123
78	K01E00C-S001-R001-C079-R_out.fits	61100.758507	0.364915	0.009092
79	K01E00C-S001-R001-C080-R_out.fits	61100.758986	0.346305	0.008843
80	K01E00C-S001-R001-C081-R_out.fits	61100.759464	0.371874	0.009373
81	K01E00C-S001-R001-C082-R_out.fits	61100.759980	0.344305	0.008774
82	K01E00C-S001-R001-C083-R_out.fits	61100.760480	0.349510	0.009079
83	K01E00C-S001-R001-C084-R_out.fits	61100.760956	0.352569	0.008897
84	K01E00C-S001-R001-C085-R_out.fits	61100.761437	0.362305	0.009074
85	K01E00C-S001-R001-C086-R_out.fits	61100.761916	0.367059	0.009278
86	K01E00C-S001-R001-C087-R_out.fits	61100.762395	0.365704	0.009271
87	K01E00C-S001-R001-C088-R_out.fits	61100.762873	0.344964	0.008789
88	K01E00C-S001-R001-C089-R_out.fits	61100.763352	0.362683	0.009034
89	K01E00C-S001-R001-C090-R_out.fits	61100.763829	0.348671	0.008894
90	K01E00C-S001-R001-C091-R_out.fits	61100.764311	0.370304	0.009434
91	K01E00C-S001-R001-C092-R_out.fits	61100.764805	0.342830	0.008880
92	K01E00C-S001-R001-C093-R_out.fits	61100.765283	0.370854	0.009220
93	K01E00C-S001-R001-C094-R_out.fits	61100.765760	0.362436	0.009070
94	K01E00C-S001-R001-C095-R_out.fits	61100.766270	0.370529	0.009061
95	K01E00C-S001-R001-C096-R_out.fits	61100.766747	0.363729	0.009155
96	K01E00C-S001-R001-C097-R_out.fits	61100.767226	0.362346	0.008945
97	K01E00C-S001-R001-C098-R_out.fits	61100.767709	0.350854	0.008899
98	K01E00C-S001-R001-C099-R_out.fits	61100.768188	0.357108	0.008907
99	K01E00C-S001-R001-C100-R_out.fits	61100.768666	0.360421	0.009195
100	K01E00C-S001-R001-C101-R_out.fits	61100.769145	0.342860	0.008905
101	K01E00C-S001-R001-C102-R_out.fits	61100.769623	0.370384	0.009251
102	K01E00C-S001-R001-C109-R_out.fits	61100.773023	0.360489	0.009000
103	K01E00C-S001-R001-C110-R_out.fits	61100.773501	0.356549	0.008889
104	K01E00C-S001-R001-C111-R_out.fits	61100.773980	0.366745	0.009299
105	K01E00C-S001-R001-C112-R_out.fits	61100.774463	0.361497	0.008996
106	K01E00C-S001-R001-C113-R_out.fits	61100.774941	0.362836	0.008937
107	K01E00C-S001-R001-C114-R_out.fits	61100.775420	0.359148	0.008926
108	K01E00C-S001-R001-C115-R_out.fits	61100.775904	0.347790	0.008865
109	K01E00C-S001-R001-C116-R_out.fits	61100.776382	0.361574	0.009007
110	K01E00C-S001-R001-C117-R_out.fits	61100.776859	0.368232	0.009311
111	K01E00C-S001-R001-C118-R_out.fits	61100.777369	0.358323	0.008994
112	K01E00C-S001-R001-C119-R_out.fits	61100.777847	0.358268	0.009074
113	K01E00C-S001-R001-C120-R_out.fits	61100.778356	0.357145	0.009001
114	K01E00C-S001-R001-C121-R_out.fits	61100.778834	0.353814	0.008935
115	K01E00C-S001-R001-C122-R_out.fits	61100.779313	0.368237	0.009317
116	K01E00C-S001-R001-C123-R_out.fits	61100.779801	0.345250	0.008820
117	K01E00C-S001-R001-C124-R_out.fits	61100.780279	0.367468	0.009156
118	K01E00C-S001-R001-C125-R_out.fits	61100.780764	0.373364	0.009198
119	K01E00C-S001-R001-C126-R_out.fits	61100.781240	0.354785	0.008970
120	K01E00C-S001-R001-C127-R_out.fits	61100.781718	0.367771	0.008989
121	K01E00C-S001-R001-C128-R_out.fits	61100.782227	0.355045	0.008900
122	K01E00C-S001-R001-C129-R_out.fits	61100.782704	0.351264	0.008882
123	K01E00C-S001-R001-C130-R_out.fits	61100.783182	0.356520	0.009027
124	K01E00C-S001-R001-C131-R_out.fits	61100.783662	0.363816	0.009291
125	K01E00C-S001-R001-C132-R_out.fits	61100.784140	0.359576	0.009017
126	K01E00C-S001-R001-C133-R_out.fits	61100.784621	0.359787	0.009101
127	K01E00C-S001-R001-C134-R_out.fits	61100.785099	0.363779	0.009137
128	K01E00C-S001-R001-C135-R_out.fits	61100.785576	0.355070	0.009017
129	K01E00C-S001-R001-C136-R_out.fits	61100.786055	0.382259	0.009458
130	K01E00C-S001-R001-C137-R_out.fits	61100.786533	0.379456	0.009152
131	K01E00C-S001-R001-C138-R_out.fits	61100.789497	0.353970	0.007788
132	K01E00C-S001-R001-C139-R_out.fits	61100.789981	0.357764	0.007699
133	K01E00C-S001-R001-C140-R_out.fits	61100.790487	0.353516	0.007864
134	K01E00C-S001-R001-C141-R_out.fits	61100.790964	0.360421	0.007726
135	K01E00C-S001-R001-C142-R_out.fits	61100.791443	0.355937	0.007934
136	K01E00C-S001-R001-C143-R_out.fits	61100.791953	0.355838	0.007835
137	K01E00C-S001-R001-C144-R_out.fits	61100.792430	0.356760	0.007853
138	K01E00C-S001-R001-C145-R_out.fits	61100.792908	0.365229	0.007968
139	K01E00C-S001-R001-C146-R_out.fits	61100.793388	0.360456	0.007846
140	K01E00C-S001-R001-C147-R_out.fits	61100.793864	0.360517	0.007799
141	K01E00C-S001-R001-C148-R_out.fits	61100.794341	0.349532	0.007674
142	K01E00C-S001-R001-C149-R_out.fits	61100.794820	0.371358	0.008078
143	K01E00C-S001-R001-C150-R_out.fits	61100.795299	0.349542	0.007756
144	K01E00C-S001-R001-C151-R_out.fits	61100.795778	0.349578	0.007766
145	K01E00C-S001-R001-C152-R_out.fits	61100.796255	0.362022	0.007853
146	K01E00C-S001-R001-C153-R_out.fits	61100.796739	0.369759	0.007921
147	K01E00C-S001-R001-C154-R_out.fits	61100.797217	0.363164	0.008011
148	K01E00C-S001-R001-C155-R_out.fits	61100.797694	0.364353	0.007800
149	K01E00C-S001-R001-C156-R_out.fits	61100.798204	0.351165	0.007698
150	K01E00C-S001-R001-C157-R_out.fits	61100.798681	0.347908	0.007739
151	K01E00C-S001-R001-C158-R_out.fits	61100.799164	0.363882	0.007852
152	K01E00C-S001-R001-C159-R_out.fits	61100.799642	0.353984	0.007723
153	K01E00C-S001-R001-C160-R_out.fits	61100.800119	0.364135	0.007916
154	K01E00C-S001-R001-C161-R_out.fits	61100.800618	0.362363	0.007917
155	K01E00C-S001-R001-C162-R_out.fits	61100.801095	0.368670	0.008124
156	K01E00C-S001-R001-C163-R_out.fits	61100.801573	0.370917	0.007958
157	K01E00C-S001-R001-C164-R_out.fits	61100.802050	0.345800	0.007550
158	K01E00C-S001-R001-C165-R_out.fits	61100.802528	0.368656	0.007896
159	K01E00C-S001-R001-C166-R_out.fits	61100.803010	0.352901	0.007755
160	K01E00C-S001-R001-C167-R_out.fits	61100.803489	0.363125	0.007891
161	K01E00C-S001-R001-C168-R_out.fits	61100.803968	0.368298	0.007819
162	K01E00C-S001-R001-C169-R_out.fits	61100.804478	0.346577	0.007529
163	K01E00C-S001-R001-C170-R_out.fits	61100.804955	0.380509	0.007980
164	K01E00C-S001-R001-C171-R_out.fits	61100.805433	0.361405	0.007809
165	K01E00C-S001-R001-C172-R_out.fits	61100.805910	0.366734	0.007843
166	K01E00C-S001-R001-C173-R_out.fits	61100.806387	0.367248	0.007778
167	K01E00C-S001-R001-C174-R_out.fits	61100.806891	0.367208	0.007827
168	K01E00C-S001-R001-C175-R_out.fits	61100.807371	0.361660	0.007806
169	K01E00C-S001-R001-C176-R_out.fits	61100.807851	0.370268	0.007846
170	K01E00C-S001-R001-C177-R_out.fits	61100.808330	0.378807	0.007903
171	K01E00C-S001-R001-C178-R_out.fits	61100.808810	0.369728	0.007793
172	K01E00C-S001-R001-C179-R_out.fits	61100.809331	0.371058	0.007904
173	K01E00C-S001-R001-C180-R_out.fits	61100.809816	0.373814	0.007874
174	K01E00C-S001-R001-C181-R_out.fits	61100.810294	0.383986	0.008074
175	K01E00C-S001-R001-C182-R_out.fits	61100.810776	0.378593	0.008014
176	K01E00C-S001-R001-C183-R_out.fits	61100.811254	0.366955	0.007626
177	K01E00C-S001-R001-C184-R_out.fits	61100.811731	0.372170	0.007821
178	K01E00C-S001-R001-C185-R_out.fits	61100.812209	0.374215	0.007914
179	K01E00C-S001-R001-C186-R_out.fits	61100.812688	0.390204	0.007971
180	K01E00C-S001-R001-C187-R_out.fits	61100.813173	0.395950	0.008048
181	K01E00C-S001-R001-C188-R_out.fits	61100.813654	0.392163	0.007970
182	K01E00C-S001-R001-C189-R_out.fits	61100.814148	0.406033	0.008075
183	K01E00C-S001-R001-C193-R_out.fits	61100.816073	0.388394	0.007980
184	K01E00C-S001-R001-C194-R_out.fits	61100.816551	0.387594	0.007976
185	K01E00C-S001-R001-C195-R_out.fits	61100.817031	0.374949	0.007862
186	K01E00C-S001-R001-C196-R_out.fits	61100.817508	0.390835	0.007909
187	K01E00C-S001-R001-C197-R_out.fits	61100.817988	0.367313	0.007665
188	K01E00C-S001-R001-C198-R_out.fits	61100.818465	0.399231	0.008053
189	K01E00C-S001-R001-C199-R_out.fits	61100.818941	0.379399	0.007842
190	K01E00C-S001-R001-C200-R_out.fits	61100.819423	0.383941	0.007762
191	K01E00C-S001-R001-C201-R_out.fits	61100.819902	0.393079	0.007895
192	K01E00C-S001-R001-C202-R_out.fits	61100.820415	0.383492	0.007820
193	K01E00C-S001-R001-C203-R_out.fits	61100.820899	0.376750	0.007847
194	K01E00C-S001-R001-C204-R_out.fits	61100.821380	0.389919	0.007821
195	K01E00C-S001-R001-C205-R_out.fits	61100.821865	0.374222	0.007750
196	K01E00C-S001-R001-C206-R_out.fits	61100.822347	0.380429	0.007758
197	K01E00C-S001-R001-C207-R_out.fits	61100.822826	0.389405	0.007873
198	K01E00C-S001-R001-C208-R_out.fits	61100.823306	0.387604	0.007858
199	K01E00C-S001-R001-C211-R_out.fits	61100.824748	0.387479	0.007839
200	K01E00C-S001-R001-C212-R_out.fits	61100.825235	0.381846	0.007706
201	K01E00C-S001-R001-C213-R_out.fits	61100.825723	0.381669	0.007818
202	K01E00C-S001-R001-C214-R_out.fits	61100.826202	0.383779	0.007790
203	K01E00C-S001-R001-C215-R_out.fits	61100.826713	0.387247	0.007838
204	K01E00C-S001-R001-C216-R_out.fits	61100.827192	0.373944	0.007562
205	K01E00C-S001-R001-C217-R_out.fits	61100.827672	0.379721	0.007748
206	K01E00C-S001-R001-C218-R_out.fits	61100.828151	0.381645	0.007542
207	K01E00C-S001-R001-C219-R_out.fits	61100.828632	0.380188	0.007615
208	K01E00C-S001-R001-C220-R_out.fits	61100.829112	0.385216	0.007601
209	K01E00C-S001-R001-C221-R_out.fits	61100.829598	0.395684	0.007880
210	K01E00C-S001-R001-C222-R_out.fits	61100.830092	0.380949	0.007658
211	K01E00C-S001-R001-C223-R_out.fits	61100.830572	0.388245	0.007587
212	K01E00C-S001-R001-C224-R_out.fits	61100.831050	0.402825	0.007803
213	K01E00C-S001-R001-C225-R_out.fits	61100.831573	0.386693	0.007609
214	K01E00C-S001-R001-C226-R_out.fits	61100.832052	0.391698	0.007695
215	K01E00C-S001-R001-C227-R_out.fits	61100.832531	0.381308	0.007595
216	K01E00C-S001-R001-C228-R_out.fits	61100.833012	0.375158	0.007440
217	K01E00C-S001-R001-C229-R_out.fits	61100.833489	0.378833	0.007472
218	K01E00C-S001-R001-C230-R_out.fits	61100.833966	0.389982	0.007574
219	K01E00C-S001-R001-C231-R_out.fits	61100.834447	0.388158	0.007644
220	K01E00C-S001-R001-C232-R_out.fits	61100.834932	0.388064	0.007662
221	K01E00C-S001-R001-C233-R_out.fits	61100.835412	0.382056	0.007505
222	K01E00C-S001-R001-C234-R_out.fits	61100.835890	0.394780	0.007714
223	K01E00C-S001-R001-C235-R_out.fits	61100.836401	0.385040	0.007366
224	K01E00C-S001-R001-C236-R_out.fits	61100.836884	0.381627	0.007372
225	K01E00C-S001-R001-C237-R_out.fits	61100.837362	0.390583	0.007490
226	K01E00C-S001-R001-C238-R_out.fits	61100.837843	0.377177	0.007346
227	K01E00C-S001-R001-C239-R_out.fits	61100.838327	0.374470	0.007366
228	K01E00C-S001-R001-C240-R_out.fits	61100.838804	0.382885	0.007351
229	K01E00C-S001-R001-C241-R_out.fits	61100.839285	0.380382	0.007296
230	K01E00C-S001-R001-C242-R_out.fits	61100.839764	0.375491	0.007176
231	K01E00C-S001-R001-C243-R_out.fits	61100.840242	0.390600	0.007435
232	K01E00C-S001-R001-C244-R_out.fits	61100.840719	0.373101	0.007034
233	K01E00C-S001-R001-C245-R_out.fits	61100.841204	0.373082	0.007110
234	K01E00C-S001-R001-C246-R_out.fits	61100.841684	0.381396	0.007139
235	K01E00C-S001-R001-C247-R_out.fits	61100.842164	0.386647	0.007236
236	K01E00C-S001-R001-C248-R_out.fits	61100.842674	0.375547	0.007018
237	K01E00C-S001-R001-C249-R_out.fits	61100.843154	0.386422	0.007123
238	K01E00C-S001-R001-C250-R_out.fits	61100.843641	0.397477	0.007262
239	K01E00C-S001-R001-C251-R_out.fits	61100.844120	0.385167	0.007051
240	K01E00C-S001-R001-C252-R_out.fits	61100.844604	0.375021	0.006884
241	K01E00C-S001-R001-C253-R_out.fits	61100.845082	0.387579	0.006952
242	K01E00C-S001-R001-C254-R_out.fits	61100.845560	0.389147	0.006915
243	K01E00C-S001-R001-C255-R_out.fits	61100.846042	0.377983	0.006909
244	K01E00C-S001-R001-C256-R_out.fits	61100.846520	0.377066	0.006742
245	K01E00C-S001-R001-C257-R_out.fits	61100.846997	0.375103	0.006723
246	K01E00C-S001-R001-C258-R_out.fits	61100.847508	0.396260	0.006990
247	K01E00C-S001-R001-C259-R_out.fits	61100.847985	0.379669	0.006720
248	K01E00C-S001-R001-C260-R_out.fits	61100.848462	0.384806	0.006673
249	K01E00C-S001-R001-C261-R_out.fits	61100.848942	0.385214	0.006706
250	K01E00C-S001-R001-C262-R_out.fits	61100.849420	0.377031	0.006616
251	K01E00C-S001-R001-C263-R_out.fits	61100.849903	0.378171	0.006663
252	K01E00C-S001-R001-C264-R_out.fits	61100.850389	0.388169	0.006669
253	K01E00C-S001-R001-C265-R_out.fits	61100.850867	0.380614	0.006440
254	K01E00C-S001-R001-C266-R_out.fits	61100.851344	0.372108	0.006333
255	K01E00C-S001-R001-C267-R_out.fits	61100.851821	0.374416	0.006412
256	K01E00C-S001-R001-C268-R_out.fits	61100.852302	0.376965	0.006327
257	K01E00C-S001-R001-C269-R_out.fits	61100.852781	0.377054	0.006323
258	K01E00C-S001-R001-C270-R_out.fits	61100.853259	0.370022	0.006239
259	K01E00C-S001-R001-C271-R_out.fits	61100.853768	0.372302	0.006236
260	K01E00C-S001-R001-C272-R_out.fits	61100.854246	0.366826	0.006041
261	K01E00C-S001-R001-C273-R_out.fits	61100.854723	0.365347	0.005973
262	K01E00C-S001-R001-C274-R_out.fits	61100.855201	0.364313	0.005921
263	K01E00C-S001-R001-C275-R_out.fits	61100.855678	0.360507	0.005912
264	K01E00C-S001-R001-C276-R_out.fits	61100.856156	0.361603	0.005903
265	K01E00C-S001-R001-C277-R_out.fits	61100.856634	0.364063	0.005867
266	K01E00C-S001-R001-C278-R_out.fits	61100.857119	0.354242	0.005760
267	K01E00C-S001-R001-C279-R_out.fits	61100.857595	0.353056	0.005658
268	K01E00C-S001-R001-C280-R_out.fits	61100.858074	0.356975	0.005693
269	K01E00C-S001-R001-C281-R_out.fits	61100.858562	0.356129	0.005667
270	K01E00C-S001-R001-C282-R_out.fits	61100.859039	0.360674	0.005699
271	K01E00C-S001-R001-C283-R_out.fits	61100.859517	0.359538	0.005609
272	K01E00C-S001-R001-C288-R_out.fits	61100.861942	0.343264	0.005273
273	K01E00C-S001-R001-C289-R_out.fits	61100.862424	0.343790	0.005276
274	K01E00C-S001-R001-C290-R_out.fits	61100.862901	0.349380	0.005300
275	K01E00C-S001-R001-C291-R_out.fits	61100.863379	0.351782	0.005359
276	K01E00C-S001-R001-C292-R_out.fits	61100.863865	0.357188	0.005290
277	K01E00C-S001-R001-C293-R_out.fits	61100.864344	0.365344	0.005399
278	K01E00C-S001-R001-C294-R_out.fits	61100.864847	0.356487	0.005281
279	K01E00C-S001-R001-C295-R_out.fits	61100.865324	0.344351	0.005121
280	K01E00C-S001-R001-C296-R_out.fits	61100.865802	0.343777	0.005165
281	K01E00C-S001-R001-C297-R_out.fits	61100.866289	0.344078	0.005122
282	K01E00C-S001-R001-C298-R_out.fits	61100.866766	0.347931	0.005109
283	K01E00C-S001-R001-C299-R_out.fits	61100.867246	0.343823	0.005068
284	K01E00C-S001-R001-C300-R_out.fits	61100.867723	0.363375	0.005177
285	K01E00C-S001-R001-C301-R_out.fits	61100.868201	0.360361	0.005222
286	K01E00C-S001-R001-C302-R_out.fits	61100.868679	0.355629	0.005129
287	K01E00C-S001-R001-C303-R_out.fits	61100.869157	0.356479	0.005160
288	K01E00C-S001-R001-C304-R_out.fits	61100.869636	0.349990	0.005078
289	K01E00C-S001-R001-C305-R_out.fits	61100.870113	0.347887	0.005058
290	K01E00C-S001-R001-C306-R_out.fits	61100.870592	0.352160	0.005094
291	K01E00C-S001-R001-C307-R_out.fits	61100.871094	0.356253	0.005116
292	K01E00C-S001-R001-C308-R_out.fits	61100.871572	0.365316	0.005115
293	K01E00C-S001-R001-C309-R_out.fits	61100.872052	0.356694	0.005069
294	K01E00C-S001-R001-C310-R_out.fits	61100.872538	0.360352	0.005088
295	K01E00C-S001-R001-C311-R_out.fits	61100.873018	0.368525	0.005184
296	K01E00C-S001-R001-C312-R_out.fits	61100.873498	0.359228	0.005038
297	K01E00C-S001-R001-C313-R_out.fits	61100.873979	0.367614	0.005128
298	K01E00C-S001-R001-C314-R_out.fits	61100.874455	0.370245	0.005169
299	K01E00C-S001-R001-C315-R_out.fits	61100.874939	0.365081	0.005191
300	K01E00C-S001-R001-C316-R_out.fits	61100.875417	0.356554	0.005051
301	K01E00C-S001-R001-C317-R_out.fits	61100.875906	0.371750	0.005163
302	K01E00C-S001-R001-C318-R_out.fits	61100.876384	0.371675	0.005183
303	K01E00C-S001-R001-C319-R_out.fits	61100.876862	0.367853	0.005082
304	K01E00C-S001-R001-C320-R_out.fits	61100.877374	0.363493	0.005094
305	K01E00C-S001-R001-C321-R_out.fits	61100.877852	0.365094	0.005060
306	K01E00C-S001-R001-C322-R_out.fits	61100.878330	0.386253	0.005219
307	K01E00C-S001-R001-C323-R_out.fits	61100.878809	0.366836	0.005096
308	K01E00C-S001-R001-C324-R_out.fits	61100.879287	0.365959	0.005102
309	K01E00C-S001-R001-C325-R_out.fits	61100.879764	0.364454	0.005129
310	K01E00C-S001-R001-C326-R_out.fits	61100.880242	0.384119	0.005263
311	K01E00C-S001-R001-C327-R_out.fits	61100.880719	0.382943	0.005235
312	K01E00C-S001-R001-C328-R_out.fits	61100.881197	0.375613	0.005182
313	K01E00C-S001-R001-C329-R_out.fits	61100.881675	0.363809	0.005081
314	K01E00C-S001-R001-C330-R_out.fits	61100.882156	0.368906	0.005150
315	K01E00C-S001-R001-C331-R_out.fits	61100.882640	0.364901	0.005128
316	K01E00C-S001-R001-C332-R_out.fits	61100.883119	0.370806	0.005117
317	K01E00C-S001-R001-C333-R_out.fits	61100.883627	0.372905	0.005205
318	K01E00C-S001-R001-C334-R_out.fits	61100.884132	0.363440	0.005146
319	K01E00C-S001-R001-C335-R_out.fits	61100.884609	0.367142	0.005164
320	K01E00C-S001-R001-C336-R_out.fits	61100.885088	0.370289	0.005110
321	K01E00C-S001-R001-C337-R_out.fits	61100.885570	0.374038	0.005225
322	K01E00C-S001-R001-C338-R_out.fits	61100.886070	0.361703	0.005047
323	K01E00C-S001-R001-C339-R_out.fits	61100.886548	0.367290	0.005144
324	K01E00C-S001-R001-C340-R_out.fits	61100.887029	0.371863	0.005201
325	K01E00C-S001-R001-C341-R_out.fits	61100.887508	0.349823	0.005031
326	K01E00C-S001-R001-C342-R_out.fits	61100.887985	0.357668	0.005174
327	K01E00C-S001-R001-C343-R_out.fits	61100.888495	0.363419	0.005168
328	K01E00C-S001-R001-C344-R_out.fits	61100.888980	0.364324	0.005188
329	K01E00C-S001-R001-C345-R_out.fits	61100.889462	0.366365	0.005236
330	K01E00C-S001-R001-C346-R_out.fits	61100.889951	0.355730	0.005185
331	K01E00C-S001-R001-C348-R_out.fits	61100.890997	0.366540	0.005269
332	K01E00C-S001-R001-C349-R_out.fits	61100.891480	0.372076	0.005375
333	K01E00C-S001-R001-C350-R_out.fits	61100.892009	0.355083	0.005215
334	K01E00C-S001-R001-C351-R_out.fits	61100.892492	0.358684	0.005303
335	K01E00C-S001-R001-C352-R_out.fits	61100.892975	0.368701	0.005451
336	K01E00C-S001-R001-C353-R_out.fits	61100.893458	0.372867	0.005479
337	K01E00C-S001-R001-C354-R_out.fits	61100.893942	0.368345	0.005527
338	K01E00C-S001-R001-C355-R_out.fits	61100.894427	0.369248	0.005559
339	K01E00C-S001-R001-C356-R_out.fits	61100.894912	0.364305	0.005610
340	K01E00C-S001-R001-C357-R_out.fits	61100.895406	0.367598	0.005715
341	K01E00C-S001-R001-C358-R_out.fits	61100.895890	0.360980	0.005712
342	K01E00C-S001-R001-C359-R_out.fits	61100.896373	0.356690	0.005737
343	K01E00C-S001-R001-C360-R_out.fits	61100.896856	0.361786	0.005885
344	K01E00C-S001-R001-C361-R_out.fits	61100.897338	0.363611	0.006048
345	K01E00C-S001-R001-C362-R_out.fits	61100.897817	0.363458	0.006185
346	K01E00C-S001-R001-C363-R_out.fits	61100.898299	0.357686	0.006368
347	K01E00C-S001-R001-C364-R_out.fits	61100.898782	0.372613	0.006722
348	K01E00C-S001-R001-C365-R_out.fits	61100.899266	0.359732	0.006710
