#	Label	J.D.-2400000	rel_flux_T1	rel_flux_err_T1
1	K01E00C-S001-R001-C138-R_out.fits	61100.789497	0.353970	0.007788
2	K01E00C-S001-R001-C139-R_out.fits	61100.789981	0.357764	0.007699
3	K01E00C-S001-R001-C140-R_out.fits	61100.790487	0.353516	0.007864
4	K01E00C-S001-R001-C141-R_out.fits	61100.790964	0.360421	0.007726
5	K01E00C-S001-R001-C142-R_out.fits	61100.791443	0.355937	0.007934
6	K01E00C-S001-R001-C143-R_out.fits	61100.791953	0.355838	0.007835
7	K01E00C-S001-R001-C144-R_out.fits	61100.792430	0.356760	0.007853
8	K01E00C-S001-R001-C145-R_out.fits	61100.792908	0.365229	0.007968
9	K01E00C-S001-R001-C146-R_out.fits	61100.793388	0.360456	0.007846
10	K01E00C-S001-R001-C147-R_out.fits	61100.793864	0.360517	0.007799
11	K01E00C-S001-R001-C148-R_out.fits	61100.794341	0.349532	0.007674
12	K01E00C-S001-R001-C149-R_out.fits	61100.794820	0.371358	0.008078
13	K01E00C-S001-R001-C150-R_out.fits	61100.795299	0.349542	0.007756
14	K01E00C-S001-R001-C151-R_out.fits	61100.795778	0.349578	0.007766
15	K01E00C-S001-R001-C152-R_out.fits	61100.796255	0.362022	0.007853
16	K01E00C-S001-R001-C153-R_out.fits	61100.796739	0.369759	0.007921
17	K01E00C-S001-R001-C154-R_out.fits	61100.797217	0.363164	0.008011
18	K01E00C-S001-R001-C155-R_out.fits	61100.797694	0.364353	0.007800
19	K01E00C-S001-R001-C156-R_out.fits	61100.798204	0.351165	0.007698
20	K01E00C-S001-R001-C157-R_out.fits	61100.798681	0.347908	0.007739
21	K01E00C-S001-R001-C158-R_out.fits	61100.799164	0.363882	0.007852
22	K01E00C-S001-R001-C159-R_out.fits	61100.799642	0.353984	0.007723
23	K01E00C-S001-R001-C160-R_out.fits	61100.800119	0.364135	0.007916
24	K01E00C-S001-R001-C161-R_out.fits	61100.800618	0.362363	0.007917
25	K01E00C-S001-R001-C162-R_out.fits	61100.801095	0.368670	0.008124
26	K01E00C-S001-R001-C163-R_out.fits	61100.801573	0.370917	0.007958
27	K01E00C-S001-R001-C164-R_out.fits	61100.802050	0.345800	0.007550
28	K01E00C-S001-R001-C165-R_out.fits	61100.802528	0.368656	0.007896
29	K01E00C-S001-R001-C166-R_out.fits	61100.803010	0.352901	0.007755
30	K01E00C-S001-R001-C167-R_out.fits	61100.803489	0.363125	0.007891
31	K01E00C-S001-R001-C168-R_out.fits	61100.803968	0.368298	0.007819
32	K01E00C-S001-R001-C169-R_out.fits	61100.804478	0.346577	0.007529
33	K01E00C-S001-R001-C170-R_out.fits	61100.804955	0.380509	0.007980
34	K01E00C-S001-R001-C171-R_out.fits	61100.805433	0.361405	0.007809
35	K01E00C-S001-R001-C172-R_out.fits	61100.805910	0.366734	0.007843
36	K01E00C-S001-R001-C173-R_out.fits	61100.806387	0.367248	0.007778
37	K01E00C-S001-R001-C174-R_out.fits	61100.806891	0.367208	0.007827
38	K01E00C-S001-R001-C175-R_out.fits	61100.807371	0.361660	0.007806
39	K01E00C-S001-R001-C176-R_out.fits	61100.807851	0.370268	0.007846
40	K01E00C-S001-R001-C177-R_out.fits	61100.808330	0.378807	0.007903
41	K01E00C-S001-R001-C178-R_out.fits	61100.808810	0.369728	0.007793
42	K01E00C-S001-R001-C179-R_out.fits	61100.809331	0.371058	0.007904
43	K01E00C-S001-R001-C180-R_out.fits	61100.809816	0.373814	0.007874
44	K01E00C-S001-R001-C181-R_out.fits	61100.810294	0.383986	0.008074
45	K01E00C-S001-R001-C182-R_out.fits	61100.810776	0.378593	0.008014
46	K01E00C-S001-R001-C183-R_out.fits	61100.811254	0.366955	0.007626
47	K01E00C-S001-R001-C184-R_out.fits	61100.811731	0.372170	0.007821
48	K01E00C-S001-R001-C185-R_out.fits	61100.812209	0.374215	0.007914
49	K01E00C-S001-R001-C186-R_out.fits	61100.812688	0.390204	0.007971
50	K01E00C-S001-R001-C187-R_out.fits	61100.813173	0.395950	0.008048
51	K01E00C-S001-R001-C188-R_out.fits	61100.813654	0.392163	0.007970
52	K01E00C-S001-R001-C189-R_out.fits	61100.814148	0.406033	0.008075
53	K01E00C-S001-R001-C193-R_out.fits	61100.816073	0.388394	0.007980
54	K01E00C-S001-R001-C194-R_out.fits	61100.816551	0.387594	0.007976
55	K01E00C-S001-R001-C195-R_out.fits	61100.817031	0.374949	0.007862
56	K01E00C-S001-R001-C196-R_out.fits	61100.817508	0.390835	0.007909
57	K01E00C-S001-R001-C197-R_out.fits	61100.817988	0.367313	0.007665
58	K01E00C-S001-R001-C198-R_out.fits	61100.818465	0.399231	0.008053
59	K01E00C-S001-R001-C199-R_out.fits	61100.818941	0.379399	0.007842
60	K01E00C-S001-R001-C200-R_out.fits	61100.819423	0.383941	0.007762
61	K01E00C-S001-R001-C201-R_out.fits	61100.819902	0.393079	0.007895
62	K01E00C-S001-R001-C202-R_out.fits	61100.820415	0.383492	0.007820
63	K01E00C-S001-R001-C203-R_out.fits	61100.820899	0.376750	0.007847
64	K01E00C-S001-R001-C204-R_out.fits	61100.821380	0.389919	0.007821
65	K01E00C-S001-R001-C205-R_out.fits	61100.821865	0.374222	0.007750
66	K01E00C-S001-R001-C206-R_out.fits	61100.822347	0.380429	0.007758
67	K01E00C-S001-R001-C207-R_out.fits	61100.822826	0.389405	0.007873
68	K01E00C-S001-R001-C208-R_out.fits	61100.823306	0.387604	0.007858
69	K01E00C-S001-R001-C211-R_out.fits	61100.824748	0.387479	0.007839
70	K01E00C-S001-R001-C212-R_out.fits	61100.825235	0.381846	0.007706
71	K01E00C-S001-R001-C213-R_out.fits	61100.825723	0.381669	0.007818
72	K01E00C-S001-R001-C214-R_out.fits	61100.826202	0.383779	0.007790
73	K01E00C-S001-R001-C215-R_out.fits	61100.826713	0.387247	0.007838
74	K01E00C-S001-R001-C216-R_out.fits	61100.827192	0.373944	0.007562
75	K01E00C-S001-R001-C217-R_out.fits	61100.827672	0.379721	0.007748
76	K01E00C-S001-R001-C218-R_out.fits	61100.828151	0.381645	0.007542
77	K01E00C-S001-R001-C219-R_out.fits	61100.828632	0.380188	0.007615
78	K01E00C-S001-R001-C220-R_out.fits	61100.829112	0.385216	0.007601
79	K01E00C-S001-R001-C221-R_out.fits	61100.829598	0.395684	0.007880
80	K01E00C-S001-R001-C222-R_out.fits	61100.830092	0.380949	0.007658
81	K01E00C-S001-R001-C223-R_out.fits	61100.830572	0.388245	0.007587
82	K01E00C-S001-R001-C224-R_out.fits	61100.831050	0.402825	0.007803
83	K01E00C-S001-R001-C225-R_out.fits	61100.831573	0.386693	0.007609
84	K01E00C-S001-R001-C226-R_out.fits	61100.832052	0.391698	0.007695
85	K01E00C-S001-R001-C227-R_out.fits	61100.832531	0.381308	0.007595
86	K01E00C-S001-R001-C228-R_out.fits	61100.833012	0.375158	0.007440
87	K01E00C-S001-R001-C229-R_out.fits	61100.833489	0.378833	0.007472
88	K01E00C-S001-R001-C230-R_out.fits	61100.833966	0.389982	0.007574
89	K01E00C-S001-R001-C231-R_out.fits	61100.834447	0.388158	0.007644
90	K01E00C-S001-R001-C232-R_out.fits	61100.834932	0.388064	0.007662
91	K01E00C-S001-R001-C233-R_out.fits	61100.835412	0.382056	0.007505
92	K01E00C-S001-R001-C234-R_out.fits	61100.835890	0.394780	0.007714
93	K01E00C-S001-R001-C235-R_out.fits	61100.836401	0.385040	0.007366
94	K01E00C-S001-R001-C236-R_out.fits	61100.836884	0.381627	0.007372
95	K01E00C-S001-R001-C237-R_out.fits	61100.837362	0.390583	0.007490
96	K01E00C-S001-R001-C238-R_out.fits	61100.837843	0.377177	0.007346
97	K01E00C-S001-R001-C239-R_out.fits	61100.838327	0.374470	0.007366
98	K01E00C-S001-R001-C240-R_out.fits	61100.838804	0.382885	0.007351
99	K01E00C-S001-R001-C241-R_out.fits	61100.839285	0.380382	0.007296
100	K01E00C-S001-R001-C242-R_out.fits	61100.839764	0.375491	0.007176
101	K01E00C-S001-R001-C243-R_out.fits	61100.840242	0.390600	0.007435
102	K01E00C-S001-R001-C244-R_out.fits	61100.840719	0.373101	0.007034
103	K01E00C-S001-R001-C245-R_out.fits	61100.841204	0.373082	0.007110
104	K01E00C-S001-R001-C246-R_out.fits	61100.841684	0.381396	0.007139
105	K01E00C-S001-R001-C247-R_out.fits	61100.842164	0.386647	0.007236
106	K01E00C-S001-R001-C248-R_out.fits	61100.842674	0.375547	0.007018
107	K01E00C-S001-R001-C249-R_out.fits	61100.843154	0.386422	0.007123
108	K01E00C-S001-R001-C250-R_out.fits	61100.843641	0.397477	0.007262
109	K01E00C-S001-R001-C251-R_out.fits	61100.844120	0.385167	0.007051
110	K01E00C-S001-R001-C252-R_out.fits	61100.844604	0.375021	0.006884
111	K01E00C-S001-R001-C253-R_out.fits	61100.845082	0.387579	0.006952
112	K01E00C-S001-R001-C254-R_out.fits	61100.845560	0.389147	0.006915
113	K01E00C-S001-R001-C255-R_out.fits	61100.846042	0.377983	0.006909
114	K01E00C-S001-R001-C256-R_out.fits	61100.846520	0.377066	0.006742
115	K01E00C-S001-R001-C257-R_out.fits	61100.846997	0.375103	0.006723
116	K01E00C-S001-R001-C258-R_out.fits	61100.847508	0.396260	0.006990
117	K01E00C-S001-R001-C259-R_out.fits	61100.847985	0.379669	0.006720
118	K01E00C-S001-R001-C260-R_out.fits	61100.848462	0.384806	0.006673
119	K01E00C-S001-R001-C261-R_out.fits	61100.848942	0.385214	0.006706
120	K01E00C-S001-R001-C262-R_out.fits	61100.849420	0.377031	0.006616
121	K01E00C-S001-R001-C263-R_out.fits	61100.849903	0.378171	0.006663
122	K01E00C-S001-R001-C264-R_out.fits	61100.850389	0.388169	0.006669
123	K01E00C-S001-R001-C265-R_out.fits	61100.850867	0.380614	0.006440
124	K01E00C-S001-R001-C266-R_out.fits	61100.851344	0.372108	0.006333
125	K01E00C-S001-R001-C267-R_out.fits	61100.851821	0.374416	0.006412
126	K01E00C-S001-R001-C268-R_out.fits	61100.852302	0.376965	0.006327
127	K01E00C-S001-R001-C269-R_out.fits	61100.852781	0.377054	0.006323
128	K01E00C-S001-R001-C270-R_out.fits	61100.853259	0.370022	0.006239
129	K01E00C-S001-R001-C271-R_out.fits	61100.853768	0.372302	0.006236
130	K01E00C-S001-R001-C272-R_out.fits	61100.854246	0.366826	0.006041
131	K01E00C-S001-R001-C273-R_out.fits	61100.854723	0.365347	0.005973
132	K01E00C-S001-R001-C274-R_out.fits	61100.855201	0.364313	0.005921
133	K01E00C-S001-R001-C275-R_out.fits	61100.855678	0.360507	0.005912
134	K01E00C-S001-R001-C276-R_out.fits	61100.856156	0.361603	0.005903
135	K01E00C-S001-R001-C277-R_out.fits	61100.856634	0.364063	0.005867
136	K01E00C-S001-R001-C278-R_out.fits	61100.857119	0.354242	0.005760
137	K01E00C-S001-R001-C279-R_out.fits	61100.857595	0.353056	0.005658
138	K01E00C-S001-R001-C280-R_out.fits	61100.858074	0.356975	0.005693
139	K01E00C-S001-R001-C281-R_out.fits	61100.858562	0.356129	0.005667
140	K01E00C-S001-R001-C282-R_out.fits	61100.859039	0.360674	0.005699
141	K01E00C-S001-R001-C283-R_out.fits	61100.859517	0.359538	0.005609
142	K01E00C-S001-R001-C288-R_out.fits	61100.861942	0.343264	0.005273
143	K01E00C-S001-R001-C289-R_out.fits	61100.862424	0.343790	0.005276
144	K01E00C-S001-R001-C290-R_out.fits	61100.862901	0.349380	0.005300
145	K01E00C-S001-R001-C291-R_out.fits	61100.863379	0.351782	0.005359
146	K01E00C-S001-R001-C292-R_out.fits	61100.863865	0.357188	0.005290
147	K01E00C-S001-R001-C293-R_out.fits	61100.864344	0.365344	0.005399
148	K01E00C-S001-R001-C294-R_out.fits	61100.864847	0.356487	0.005281
149	K01E00C-S001-R001-C295-R_out.fits	61100.865324	0.344351	0.005121
150	K01E00C-S001-R001-C296-R_out.fits	61100.865802	0.343777	0.005165
151	K01E00C-S001-R001-C297-R_out.fits	61100.866289	0.344078	0.005122
152	K01E00C-S001-R001-C298-R_out.fits	61100.866766	0.347931	0.005109
153	K01E00C-S001-R001-C299-R_out.fits	61100.867246	0.343823	0.005068
154	K01E00C-S001-R001-C300-R_out.fits	61100.867723	0.363375	0.005177
155	K01E00C-S001-R001-C301-R_out.fits	61100.868201	0.360361	0.005222
156	K01E00C-S001-R001-C302-R_out.fits	61100.868679	0.355629	0.005129
157	K01E00C-S001-R001-C303-R_out.fits	61100.869157	0.356479	0.005160
158	K01E00C-S001-R001-C304-R_out.fits	61100.869636	0.349990	0.005078
159	K01E00C-S001-R001-C305-R_out.fits	61100.870113	0.347887	0.005058
160	K01E00C-S001-R001-C306-R_out.fits	61100.870592	0.352160	0.005094
161	K01E00C-S001-R001-C307-R_out.fits	61100.871094	0.356253	0.005116
162	K01E00C-S001-R001-C308-R_out.fits	61100.871572	0.365316	0.005115
163	K01E00C-S001-R001-C309-R_out.fits	61100.872052	0.356694	0.005069
164	K01E00C-S001-R001-C310-R_out.fits	61100.872538	0.360352	0.005088
165	K01E00C-S001-R001-C311-R_out.fits	61100.873018	0.368525	0.005184
166	K01E00C-S001-R001-C312-R_out.fits	61100.873498	0.359228	0.005038
167	K01E00C-S001-R001-C313-R_out.fits	61100.873979	0.367614	0.005128
168	K01E00C-S001-R001-C314-R_out.fits	61100.874455	0.370245	0.005169
169	K01E00C-S001-R001-C315-R_out.fits	61100.874939	0.365081	0.005191
170	K01E00C-S001-R001-C316-R_out.fits	61100.875417	0.356554	0.005051
171	K01E00C-S001-R001-C317-R_out.fits	61100.875906	0.371750	0.005163
172	K01E00C-S001-R001-C318-R_out.fits	61100.876384	0.371675	0.005183
173	K01E00C-S001-R001-C319-R_out.fits	61100.876862	0.367853	0.005082
174	K01E00C-S001-R001-C320-R_out.fits	61100.877374	0.363493	0.005094
175	K01E00C-S001-R001-C321-R_out.fits	61100.877852	0.365094	0.005060
176	K01E00C-S001-R001-C322-R_out.fits	61100.878330	0.386253	0.005219
177	K01E00C-S001-R001-C323-R_out.fits	61100.878809	0.366836	0.005096
178	K01E00C-S001-R001-C324-R_out.fits	61100.879287	0.365959	0.005102
179	K01E00C-S001-R001-C325-R_out.fits	61100.879764	0.364454	0.005129
180	K01E00C-S001-R001-C326-R_out.fits	61100.880242	0.384119	0.005263
181	K01E00C-S001-R001-C327-R_out.fits	61100.880719	0.382943	0.005235
182	K01E00C-S001-R001-C328-R_out.fits	61100.881197	0.375613	0.005182
183	K01E00C-S001-R001-C329-R_out.fits	61100.881675	0.363809	0.005081
184	K01E00C-S001-R001-C330-R_out.fits	61100.882156	0.368906	0.005150
185	K01E00C-S001-R001-C331-R_out.fits	61100.882640	0.364901	0.005128
186	K01E00C-S001-R001-C332-R_out.fits	61100.883119	0.370806	0.005117
187	K01E00C-S001-R001-C333-R_out.fits	61100.883627	0.372905	0.005205
188	K01E00C-S001-R001-C334-R_out.fits	61100.884132	0.363440	0.005146
189	K01E00C-S001-R001-C335-R_out.fits	61100.884609	0.367142	0.005164
190	K01E00C-S001-R001-C336-R_out.fits	61100.885088	0.370289	0.005110
191	K01E00C-S001-R001-C337-R_out.fits	61100.885570	0.374038	0.005225
192	K01E00C-S001-R001-C338-R_out.fits	61100.886070	0.361703	0.005047
193	K01E00C-S001-R001-C339-R_out.fits	61100.886548	0.367290	0.005144
194	K01E00C-S001-R001-C340-R_out.fits	61100.887029	0.371863	0.005201
195	K01E00C-S001-R001-C341-R_out.fits	61100.887508	0.349823	0.005031
196	K01E00C-S001-R001-C342-R_out.fits	61100.887985	0.357668	0.005174
197	K01E00C-S001-R001-C343-R_out.fits	61100.888495	0.363419	0.005168
198	K01E00C-S001-R001-C344-R_out.fits	61100.888980	0.364324	0.005188
199	K01E00C-S001-R001-C345-R_out.fits	61100.889462	0.366365	0.005236
200	K01E00C-S001-R001-C346-R_out.fits	61100.889951	0.355730	0.005185
201	K01E00C-S001-R001-C348-R_out.fits	61100.890997	0.366540	0.005269
202	K01E00C-S001-R001-C349-R_out.fits	61100.891480	0.372076	0.005375
203	K01E00C-S001-R001-C350-R_out.fits	61100.892009	0.355083	0.005215
204	K01E00C-S001-R001-C351-R_out.fits	61100.892492	0.358684	0.005303
205	K01E00C-S001-R001-C352-R_out.fits	61100.892975	0.368701	0.005451
206	K01E00C-S001-R001-C353-R_out.fits	61100.893458	0.372867	0.005479
207	K01E00C-S001-R001-C354-R_out.fits	61100.893942	0.368345	0.005527
208	K01E00C-S001-R001-C355-R_out.fits	61100.894427	0.369248	0.005559
209	K01E00C-S001-R001-C356-R_out.fits	61100.894912	0.364305	0.005610
210	K01E00C-S001-R001-C357-R_out.fits	61100.895406	0.367598	0.005715
211	K01E00C-S001-R001-C358-R_out.fits	61100.895890	0.360980	0.005712
212	K01E00C-S001-R001-C359-R_out.fits	61100.896373	0.356690	0.005737
213	K01E00C-S001-R001-C360-R_out.fits	61100.896856	0.361786	0.005885
214	K01E00C-S001-R001-C361-R_out.fits	61100.897338	0.363611	0.006048
215	K01E00C-S001-R001-C362-R_out.fits	61100.897817	0.363458	0.006185
216	K01E00C-S001-R001-C363-R_out.fits	61100.898299	0.357686	0.006368
217	K01E00C-S001-R001-C364-R_out.fits	61100.898782	0.372613	0.006722
218	K01E00C-S001-R001-C365-R_out.fits	61100.899266	0.359732	0.006710
