#	Label	J.D.-2400000	rel_flux_T1	rel_flux_err_T1	AIRMASS	Source-Sky_T1	Source_Error_T1
1	K01E00C-S001-R001-C001-R_out.fits	61108.633704	0.388986	0.010804	1.371900	15663.832011	360.326060
2	K01E00C-S001-R001-C002-R_out.fits	61108.634549	0.407569	0.011288	1.366917	15909.103776	359.888085
3	K01E00C-S001-R001-C003-R_out.fits	61108.635407	0.415175	0.011143	1.361931	16561.818511	360.748312
4	K01E00C-S001-R001-C004-R_out.fits	61108.636265	0.398007	0.010902	1.357021	15989.314080	360.593071
5	K01E00C-S001-R001-C005-R_out.fits	61108.637109	0.419609	0.011725	1.352261	15892.677582	359.019476
6	K01E00C-S001-R001-C006-R_out.fits	61108.637963	0.394776	0.010920	1.347520	15733.461058	359.007277
7	K01E00C-S001-R001-C007-R_out.fits	61108.638786	0.420099	0.011340	1.343016	16424.993869	358.335573
8	K01E00C-S001-R001-C008-R_out.fits	61108.639663	0.376942	0.010492	1.338289	15329.404705	356.666476
9	K01E00C-S001-R001-C009-R_out.fits	61108.640509	0.420092	0.011424	1.333795	16315.263676	359.171034
10	K01E00C-S001-R001-C010-R_out.fits	61108.641356	0.395321	0.011008	1.329365	15601.377813	358.731981
11	K01E00C-S001-R001-C011-R_out.fits	61108.642198	0.394652	0.010839	1.325026	15841.534223	359.153936
12	K01E00C-S001-R001-C012-R_out.fits	61108.643023	0.427496	0.011344	1.320836	16831.060622	359.667796
13	K01E00C-S001-R001-C013-R_out.fits	61108.643868	0.395882	0.010603	1.316610	16235.067848	358.618748
14	K01E00C-S001-R001-C014-R_out.fits	61108.644692	0.423303	0.011218	1.312555	16783.357456	359.302328
15	K01E00C-S001-R001-C015-R_out.fits	61108.645539	0.420252	0.011282	1.308439	16457.278666	357.806422
16	K01E00C-S001-R001-C016-R_out.fits	61108.646384	0.416443	0.010953	1.304399	16767.745069	358.398103
17	K01E00C-S001-R001-C017-R_out.fits	61108.647214	0.407816	0.010695	1.300490	16651.880165	356.899613
18	K01E00C-S001-R001-C018-R_out.fits	61108.648060	0.403844	0.010618	1.296563	16622.929480	358.558512
19	K01E00C-S001-R001-C019-R_out.fits	61108.648886	0.415852	0.010976	1.292791	16687.690616	357.905900
20	K01E00C-S001-R001-C020-R_out.fits	61108.649713	0.413604	0.010812	1.289066	16851.594351	358.875280
21	K01E00C-S001-R001-C021-R_out.fits	61108.650544	0.432597	0.011319	1.285383	17091.620460	358.268162
22	K01E00C-S001-R001-C022-R_out.fits	61108.651389	0.428640	0.011191	1.281689	17061.091984	358.119556
23	K01E00C-S001-R001-C023-R_out.fits	61108.652236	0.424290	0.011186	1.278049	16801.191485	357.308780
24	K01E00C-S001-R001-C024-R_out.fits	61108.653070	0.414067	0.011236	1.274517	16265.989517	359.433534
25	K01E00C-S001-R001-C025-R_out.fits	61108.653926	0.419848	0.011098	1.270946	16764.222349	359.158311
26	K01E00C-S001-R001-C026-R_out.fits	61108.654755	0.427222	0.011131	1.267546	17104.210489	358.633638
27	K01E00C-S001-R001-C027-R_out.fits	61108.655580	0.434564	0.011306	1.264209	17204.882350	358.575442
28	K01E00C-S001-R001-C028-R_out.fits	61108.656406	0.417727	0.011084	1.260920	16594.187873	356.837279
29	K01E00C-S001-R001-C029-R_out.fits	61108.657252	0.441363	0.011283	1.257603	17614.081420	359.065395
30	K01E00C-S001-R001-C031-R_out.fits	61108.658954	0.434552	0.011356	1.251092	17105.815743	357.487192
31	K01E00C-S001-R001-C032-R_out.fits	61108.659780	0.411815	0.011025	1.248006	16421.590223	358.661899
32	K01E00C-S001-R001-C033-R_out.fits	61108.660626	0.436346	0.011251	1.244894	17441.821255	359.836897
33	K01E00C-S001-R001-C034-R_out.fits	61108.661498	0.419550	0.010732	1.241741	17312.800079	359.183620
34	K01E00C-S001-R001-C035-R_out.fits	61108.662346	0.431004	0.010989	1.238722	17481.362168	358.020303
35	K01E00C-S001-R001-C036-R_out.fits	61108.663170	0.430853	0.010933	1.235838	17524.310815	357.093110
36	K01E00C-S001-R001-C037-R_out.fits	61108.664000	0.429700	0.011053	1.232980	17248.080873	356.385843
37	K01E00C-S001-R001-C038-R_out.fits	61108.664846	0.415083	0.010884	1.230112	16671.384898	355.503298
38	K01E00C-S001-R001-C039-R_out.fits	61108.665695	0.413658	0.010633	1.227285	16966.728903	355.026170
39	K01E00C-S001-R001-C040-R_out.fits	61108.666543	0.417260	0.010724	1.224507	17028.063198	355.244024
40	K01E00C-S001-R001-C041-R_out.fits	61108.667367	0.419871	0.010698	1.221850	17276.152853	356.866589
41	K01E00C-S001-R001-C042-R_out.fits	61108.668214	0.437434	0.011056	1.219166	17681.812464	357.799740
42	K01E00C-S001-R001-C043-R_out.fits	61108.669062	0.431925	0.010755	1.216526	17809.120991	355.953671
43	K01E00C-S001-R001-C044-R_out.fits	61108.669915	0.434096	0.010979	1.213915	17597.426836	356.746388
44	K01E00C-S001-R001-C045-R_out.fits	61108.670761	0.435105	0.011175	1.211372	17303.733068	355.821103
45	K01E00C-S001-R001-C046-R_out.fits	61108.671593	0.441547	0.011261	1.208913	17571.290378	357.229099
46	K01E00C-S001-R001-C047-R_out.fits	61108.672439	0.451639	0.011288	1.206455	18038.218870	356.370771
47	K01E00C-S001-R001-C048-R_out.fits	61108.673285	0.436083	0.011410	1.204040	16954.734951	355.159101
48	K01E00C-S001-R001-C049-R_out.fits	61108.674108	0.441188	0.011034	1.201733	17875.644664	356.715063
49	K01E00C-S001-R001-C050-R_out.fits	61108.674935	0.414885	0.010754	1.199459	16852.138612	355.219803
50	K01E00C-S001-R001-C051-R_out.fits	61108.675764	0.440319	0.011193	1.197217	17519.952916	355.035264
51	K01E00C-S001-R001-C052-R_out.fits	61108.676622	0.431512	0.011177	1.194939	17086.736703	355.146432
52	K01E00C-S001-R001-C053-R_out.fits	61108.677449	0.437733	0.011266	1.192783	17306.172225	356.288285
53	K01E00C-S001-R001-C054-R_out.fits	61108.678274	0.430090	0.011375	1.190674	16727.772177	355.876843
54	K01E00C-S001-R001-C055-R_out.fits	61108.679118	0.433114	0.011245	1.188555	17085.740485	355.888815
55	K01E00C-S001-R001-C056-R_out.fits	61108.679948	0.430515	0.010992	1.186509	17312.447641	355.151969
56	K01E00C-S001-R001-C057-R_out.fits	61108.680782	0.430933	0.011083	1.184495	17192.243943	355.538759
57	K01E00C-S001-R001-C058-R_out.fits	61108.681607	0.420089	0.010937	1.182541	16778.167511	354.030579
58	K01E00C-S001-R001-C059-R_out.fits	61108.682456	0.412874	0.010453	1.180568	17148.189371	353.849131
59	K01E00C-S001-R001-C060-R_out.fits	61108.683280	0.428751	0.011146	1.178694	16972.937586	355.756569
60	K01E00C-S001-R001-C061-R_out.fits	61108.684106	0.419342	0.010798	1.176850	16980.350364	354.567379
61	K01E00C-S001-R001-C062-R_out.fits	61108.684953	0.428321	0.011046	1.174996	17111.270345	355.446803
62	K01E00C-S001-R001-C063-R_out.fits	61108.685801	0.429610	0.011028	1.173182	17231.981655	356.121530
63	K01E00C-S001-R001-C064-R_out.fits	61108.686646	0.451838	0.011394	1.171410	17958.665148	358.428307
64	K01E00C-S001-R001-C065-R_out.fits	61108.687475	0.420479	0.011068	1.169711	16690.549861	355.751763
65	K01E00C-S001-R001-C066-R_out.fits	61108.688299	0.430095	0.011186	1.168056	17033.172716	355.723976
66	K01E00C-S001-R001-C067-R_out.fits	61108.689127	0.406083	0.010707	1.166430	16482.150419	356.101495
67	K01E00C-S001-R001-C068-R_out.fits	61108.689954	0.411807	0.011039	1.164840	16242.172792	355.028791
68	K01E00C-S001-R001-C069-R_out.fits	61108.690800	0.420737	0.011093	1.163250	16644.819753	355.192683
69	K01E00C-S001-R001-C070-R_out.fits	61108.691627	0.428647	0.011258	1.161735	16840.701341	356.374257
70	K01E00C-S001-R001-C071-R_out.fits	61108.692450	0.407981	0.011056	1.160257	16037.298072	355.547793
71	K01E00C-S001-R001-C072-R_out.fits	61108.693276	0.421396	0.011142	1.158812	16610.457970	355.258132
72	K01E00C-S001-R001-C073-R_out.fits	61108.694122	0.429636	0.011014	1.157365	17252.591822	355.833174
73	K01E00C-S001-R001-C074-R_out.fits	61108.694969	0.425879	0.011085	1.155955	16935.239720	355.442059
74	K01E00C-S001-R001-C075-R_out.fits	61108.695817	0.428818	0.011311	1.154576	16761.068229	356.613538
75	K01E00C-S001-R001-C076-R_out.fits	61108.696643	0.407891	0.010901	1.153269	16187.484170	353.861118
76	K01E00C-S001-R001-C077-R_out.fits	61108.697491	0.401693	0.010666	1.151962	16212.409865	353.669201
77	K01E00C-S001-R001-C078-R_out.fits	61108.698319	0.442482	0.011856	1.150720	16671.404015	355.982999
78	K01E00C-S001-R001-C079-R_out.fits	61108.699148	0.412265	0.010808	1.149509	16660.514548	356.235243
79	K01E00C-S001-R001-C080-R_out.fits	61108.699972	0.433438	0.011100	1.148339	17361.853262	356.654949
80	K01E00C-S001-R001-C081-R_out.fits	61108.700818	0.423635	0.011160	1.147172	16783.229986	357.921938
81	K01E00C-S001-R001-C082-R_out.fits	61108.701643	0.407879	0.010846	1.146066	16345.080445	355.453998
82	K01E00C-S001-R001-C083-R_out.fits	61108.702470	0.422000	0.011107	1.144991	16733.196735	356.783812
83	K01E00C-S001-R001-C084-R_out.fits	61108.703295	0.410352	0.010605	1.143951	16867.827244	356.139515
84	K01E00C-S001-R001-C085-R_out.fits	61108.704142	0.427284	0.011002	1.142917	17183.821160	356.710144
85	K01E00C-S001-R001-C086-R_out.fits	61108.704965	0.407057	0.010813	1.141944	16356.093819	355.657381
86	K01E00C-S001-R001-C087-R_out.fits	61108.705787	0.418617	0.010674	1.141004	17248.752563	356.578987
87	K01E00C-S001-R001-C088-R_out.fits	61108.706616	0.398133	0.010495	1.140088	16432.239393	357.987830
88	K01E00C-S001-R001-C089-R_out.fits	61108.707443	0.424388	0.011202	1.139208	16654.249106	355.104117
89	K01E00C-S001-R001-C090-R_out.fits	61108.708267	0.433600	0.010992	1.138360	17490.662591	356.200548
90	K01E00C-S001-R001-C091-R_out.fits	61108.709114	0.422748	0.010986	1.137523	16904.617942	355.797242
91	K01E00C-S001-R001-C092-R_out.fits	61108.709960	0.454961	0.011430	1.136719	17965.451504	356.520278
92	K01E00C-S001-R001-C093-R_out.fits	61108.710811	0.450646	0.011457	1.135944	17654.188387	355.148206
93	K01E00C-S001-R001-C094-R_out.fits	61108.711660	0.435463	0.011075	1.135204	17431.305021	355.015151
94	K01E00C-S001-R001-C095-R_out.fits	61108.712487	0.423032	0.011011	1.134515	16826.456246	354.690495
95	K01E00C-S001-R001-C096-R_out.fits	61108.713334	0.444985	0.011416	1.133841	17328.948863	353.744953
96	K01E00C-S001-R001-C097-R_out.fits	61108.714180	0.430509	0.010985	1.133200	17164.733157	352.165655
97	K01E00C-S001-R001-C098-R_out.fits	61108.715038	0.427192	0.010858	1.132584	17226.766552	353.249900
98	K01E00C-S001-R001-C099-R_out.fits	61108.715896	0.446634	0.011220	1.132000	17739.656920	354.198545
99	K01E00C-S001-R001-C100-R_out.fits	61108.716719	0.438585	0.011299	1.131471	17147.218410	352.816490
100	K01E00C-S001-R001-C101-R_out.fits	61108.717565	0.442214	0.011222	1.130960	17468.063694	353.330785
101	K01E00C-S001-R001-C102-R_out.fits	61108.718412	0.441072	0.011108	1.130480	17584.351689	353.568733
102	K01E00C-S001-R001-C103-R_out.fits	61108.719269	0.449541	0.011245	1.130027	17819.803028	353.016470
103	K01E00C-S001-R001-C104-R_out.fits	61108.720126	0.443838	0.011173	1.129608	17627.078576	353.173486
104	K01E00C-S001-R001-C105-R_out.fits	61108.720972	0.451949	0.011253	1.129224	17948.419438	353.971473
105	K01E00C-S001-R001-C106-R_out.fits	61108.721818	0.445688	0.011309	1.128874	17518.636294	353.920427
106	K01E00C-S001-R001-C107-R_out.fits	61108.722674	0.448189	0.011317	1.128551	17581.598472	352.476346
107	K01E00C-S001-R001-C108-R_out.fits	61108.723503	0.440132	0.011018	1.128270	17597.674131	351.793884
108	K01E00C-S001-R001-C109-R_out.fits	61108.724348	0.439957	0.011532	1.128014	16773.795271	351.465052
109	K01E00C-S001-R001-C110-R_out.fits	61108.725194	0.458841	0.011284	1.127790	18243.138950	353.053952
110	K01E00C-S001-R001-C111-R_out.fits	61108.726041	0.440425	0.011158	1.127597	17387.764615	351.807615
111	K01E00C-S001-R001-C114-R_out.fits	61108.728570	0.458547	0.011421	1.127210	17923.268329	352.134233
112	K01E00C-S001-R001-C115-R_out.fits	61108.729395	0.442617	0.011151	1.127144	17439.854456	350.502662
113	K01E00C-S001-R001-C116-R_out.fits	61108.732778	0.460690	0.011960	1.127186	17245.943125	353.790744
114	K01E00C-S001-R001-C117-R_out.fits	61108.733608	0.436974	0.011662	1.127278	16421.363718	352.192763
115	K01E00C-S001-R001-C118-R_out.fits	61108.734436	0.452856	0.011908	1.127397	16914.040410	353.222182
116	K01E00C-S001-R001-C119-R_out.fits	61108.735264	0.425795	0.011315	1.127545	16241.830970	349.768622
117	K01E00C-S001-R001-C120-R_out.fits	61108.736110	0.450486	0.011632	1.127728	17119.862200	351.611733
118	K01E00C-S001-R001-C121-R_out.fits	61108.736968	0.454961	0.011808	1.127946	17072.595469	351.171778
119	K01E00C-S001-R001-C122-R_out.fits	61108.737793	0.448755	0.011658	1.128187	16951.010534	350.598566
120	K01E00C-S001-R001-C123-R_out.fits	61108.738649	0.458334	0.011740	1.128468	17353.991730	351.208066
121	K01E00C-S001-R001-C124-R_out.fits	61108.739477	0.460500	0.011914	1.128771	17158.178822	350.228835
122	K01E00C-S001-R001-C125-R_out.fits	61108.740323	0.442077	0.011476	1.129112	16788.429364	348.474400
123	K01E00C-S001-R001-C126-R_out.fits	61108.741151	0.429681	0.011130	1.129477	16615.709869	347.415212
124	K01E00C-S001-R001-C127-R_out.fits	61108.741975	0.432968	0.011433	1.129869	16335.868518	347.468940
125	K01E00C-S001-R001-C128-R_out.fits	61108.742834	0.447880	0.011550	1.130311	16992.708072	349.075124
126	K01E00C-S001-R001-C129-R_out.fits	61108.743680	0.448112	0.011623	1.130779	16921.394740	349.889537
127	K01E00C-S001-R001-C130-R_out.fits	61108.744511	0.432747	0.011437	1.131269	16348.436464	348.076178
128	K01E00C-S001-R001-C131-R_out.fits	61108.745356	0.416558	0.010926	1.131800	16294.346589	348.584989
129	K01E00C-S001-R001-C132-R_out.fits	61108.746203	0.439136	0.011515	1.132364	16625.312826	349.695361
130	K01E00C-S001-R001-C133-R_out.fits	61108.747051	0.442071	0.011652	1.132961	16598.337119	350.419905
131	K01E00C-S001-R001-C134-R_out.fits	61108.747874	0.432213	0.011792	1.133572	15926.020717	351.269001
132	K01E00C-S001-R001-C135-R_out.fits	61108.748704	0.429077	0.011155	1.134219	16587.202910	348.606251
133	K01E00C-S001-R001-C136-R_out.fits	61108.749564	0.424623	0.011299	1.134921	16181.935419	349.565503
134	K01E00C-S001-R001-C137-R_out.fits	61108.750390	0.445379	0.011755	1.135629	16612.548772	350.032865
135	K01E00C-S001-R001-C138-R_out.fits	61108.751214	0.425194	0.011162	1.136366	16421.386746	348.954232
136	K01E00C-S001-R001-C139-R_out.fits	61108.752048	0.417676	0.011428	1.137143	15661.588046	349.786781
137	K01E00C-S001-R001-C140-R_out.fits	61108.752872	0.419982	0.011327	1.137942	15942.647274	349.696000
138	K01E00C-S001-R001-C141-R_out.fits	61108.753703	0.404750	0.010855	1.138779	15855.529494	349.981150
139	K01E00C-S001-R001-C142-R_out.fits	61108.754551	0.407698	0.011268	1.139668	15378.456190	348.928675
140	K01E00C-S001-R001-C143-R_out.fits	61108.755377	0.428073	0.011415	1.140566	16330.929771	352.644731
141	K01E00C-S001-R001-C144-R_out.fits	61108.756200	0.410262	0.010920	1.141491	16150.552108	352.551161
142	K01E00C-S001-R001-C145-R_out.fits	61108.757023	0.398999	0.011000	1.142449	15402.969532	350.868176
143	K01E00C-S001-R001-C146-R_out.fits	61108.757847	0.418215	0.011206	1.143439	16066.498749	350.453521
144	K01E00C-S001-R001-C147-R_out.fits	61108.758674	0.416012	0.011289	1.144465	15832.804619	350.375829
145	K01E00C-S001-R001-C148-R_out.fits	61108.759530	0.428615	0.011722	1.145562	15852.632933	349.947617
146	K01E00C-S001-R001-C149-R_out.fits	61108.760357	0.422342	0.011323	1.146654	16065.517731	349.575364
147	K01E00C-S001-R001-C150-R_out.fits	61108.761205	0.409452	0.011112	1.147809	15688.189210	348.847835
148	K01E00C-S001-R001-C151-R_out.fits	61108.762052	0.425634	0.011418	1.148998	16083.492465	349.225288
149	K01E00C-S001-R001-C152-R_out.fits	61108.762900	0.422266	0.011264	1.150222	16095.912168	348.362770
150	K01E00C-S001-R001-C153-R_out.fits	61108.763747	0.419901	0.011195	1.151479	16147.725638	350.697923
151	K01E00C-S001-R001-C154-R_out.fits	61108.764594	0.430624	0.011364	1.152771	16436.871052	350.417828
152	K01E00C-S001-R001-C155-R_out.fits	61108.765440	0.422189	0.011370	1.154098	15966.392125	349.170835
153	K01E00C-S001-R001-C156-R_out.fits	61108.766265	0.428505	0.011309	1.155426	16416.203564	350.231327
154	K01E00C-S001-R001-C157-R_out.fits	61108.767119	0.414307	0.010896	1.156835	16316.923346	350.807739
155	K01E00C-S001-R001-C162-R_out.fits	61108.771294	0.436744	0.011391	1.164257	16778.786462	351.541049
156	K01E00C-S001-R001-C163-R_out.fits	61108.772141	0.425890	0.011351	1.165871	16306.681971	351.735440
157	K01E00C-S001-R001-C164-R_out.fits	61108.772988	0.437963	0.011481	1.167523	16760.831079	352.699871
158	K01E00C-S001-R001-C166-R_out.fits	61108.774687	0.442236	0.011777	1.170950	16553.638480	352.558034
159	K01E00C-S001-R001-C170-R_out.fits	61108.778046	0.442734	0.011374	1.178177	17263.413352	354.930343
160	K01E00C-S001-R001-C171-R_out.fits	61108.778875	0.436081	0.011399	1.180055	16770.797841	351.906243
161	K01E00C-S001-R001-C172-R_out.fits	61108.779698	0.455896	0.011768	1.181957	17351.558013	354.369690
162	K01E00C-S001-R001-C173-R_out.fits	61108.780545	0.441854	0.011611	1.183951	16852.839344	353.868420
163	K01E00C-S001-R001-C174-R_out.fits	61108.781368	0.430830	0.011421	1.185929	16605.349609	355.128777
164	K01E00C-S001-R001-C175-R_out.fits	61108.782199	0.443806	0.011688	1.187965	16937.181746	355.882370
165	K01E00C-S001-R001-C176-R_out.fits	61108.783025	0.430681	0.011432	1.190026	16588.137967	355.040392
166	K01E00C-S001-R001-C177-R_out.fits	61108.783854	0.434732	0.011456	1.192136	16767.631679	355.125094
167	K01E00C-S001-R001-C178-R_out.fits	61108.784678	0.443975	0.011890	1.194272	16598.930431	354.862292
168	K01E00C-S001-R001-C179-R_out.fits	61108.785512	0.456240	0.012153	1.196473	16896.735051	356.150451
169	K01E00C-S001-R001-C180-R_out.fits	61108.786359	0.441538	0.011714	1.198751	16756.095508	355.777094
170	K01E00C-S001-R001-C181-R_out.fits	61108.787206	0.434555	0.011623	1.201069	16524.739838	355.590008
171	K01E00C-S001-R001-C182-R_out.fits	61108.788052	0.459620	0.012198	1.203430	17005.393122	356.098903
172	K01E00C-S001-R001-C183-R_out.fits	61108.788898	0.449429	0.011915	1.205834	16881.323461	355.611502
173	K01E00C-S001-R001-C184-R_out.fits	61108.789745	0.438535	0.011912	1.208281	16339.276939	356.111447
174	K01E00C-S001-R001-C185-R_out.fits	61108.790591	0.456860	0.011876	1.210772	17323.941940	355.956755
175	K01E00C-S001-R001-C186-R_out.fits	61108.791446	0.442799	0.011841	1.213333	16613.455296	354.809960
176	K01E00C-S001-R001-C187-R_out.fits	61108.792292	0.406527	0.011098	1.215914	15781.671295	353.900018
177	K01E00C-S001-R001-C188-R_out.fits	61108.793139	0.435446	0.011656	1.218540	16463.608290	354.073949
178	K01E00C-S001-R001-C189-R_out.fits	61108.793987	0.425219	0.011489	1.221218	16171.622194	353.587333
179	K01E00C-S001-R001-C190-R_out.fits	61108.794812	0.429613	0.011416	1.223865	16534.134828	354.482903
180	K01E00C-S001-R001-C191-R_out.fits	61108.795637	0.453771	0.012079	1.226557	16832.074059	355.231568
181	K01E00C-S001-R001-C192-R_out.fits	61108.796461	0.430087	0.011528	1.229290	16401.145304	354.194796
182	K01E00C-S001-R001-C193-R_out.fits	61108.797307	0.435728	0.012023	1.232145	16005.102947	354.820359
183	K01E00C-S001-R001-C194-R_out.fits	61108.798153	0.417479	0.011209	1.235047	16256.077553	355.606942
184	K01E00C-S001-R001-C195-R_out.fits	61108.799006	0.425413	0.011467	1.238021	16325.852493	356.105751
185	K01E00C-S001-R001-C196-R_out.fits	61108.799853	0.422799	0.011274	1.241021	16446.647619	355.875312
186	K01E00C-S001-R001-C197-R_out.fits	61108.800677	0.414385	0.011184	1.243992	16092.107786	354.096036
187	K01E00C-S001-R001-C198-R_out.fits	61108.801501	0.425674	0.011370	1.247006	16441.814075	355.295353
188	K01E00C-S001-R001-C199-R_out.fits	61108.802347	0.442929	0.011804	1.250154	16765.825876	356.785436
189	K01E00C-S001-R001-C200-R_out.fits	61108.803173	0.445844	0.012155	1.253272	16432.277390	356.978002
190	K01E00C-S001-R001-C201-R_out.fits	61108.804021	0.419985	0.011562	1.256529	15925.245465	355.943388
191	K01E00C-S001-R001-C202-R_out.fits	61108.804846	0.442202	0.012191	1.259745	16206.237434	356.827085
192	K01E00C-S001-R001-C203-R_out.fits	61108.805669	0.404670	0.011186	1.263005	15690.075257	356.433572
193	K01E00C-S001-R001-C204-R_out.fits	61108.806516	0.420032	0.011616	1.266412	15940.772377	358.300482
194	K01E00C-S001-R001-C205-R_out.fits	61108.807342	0.433360	0.011642	1.269784	16569.575374	357.929237
195	K01E00C-S001-R001-C206-R_out.fits	61108.808187	0.429901	0.011423	1.273291	16693.019881	357.489707
196	K01E00C-S001-R001-C207-R_out.fits	61108.809034	0.452231	0.011944	1.276858	17130.313428	358.678612
197	K01E00C-S001-R001-C208-R_out.fits	61108.809880	0.431933	0.011862	1.280480	16178.878798	357.359993
198	K01E00C-S001-R001-C209-R_out.fits	61108.810726	0.435570	0.011727	1.284159	16599.572170	358.516854
199	K01E00C-S001-R001-C210-R_out.fits	61108.811579	0.441247	0.011986	1.287924	16585.729682	359.979010
200	K01E00C-S001-R001-C211-R_out.fits	61108.812402	0.417578	0.011541	1.291614	16021.546897	360.158440
201	K01E00C-S001-R001-C212-R_out.fits	61108.813228	0.419376	0.011656	1.295369	15912.610536	359.100946
202	K01E00C-S001-R001-C213-R_out.fits	61108.814074	0.427410	0.011735	1.299279	16245.919731	359.846676
203	K01E00C-S001-R001-C214-R_out.fits	61108.814921	0.413752	0.011233	1.303251	16283.436458	361.011737
204	K01E00C-S001-R001-C215-R_out.fits	61108.815761	0.410976	0.011472	1.307248	15832.234554	361.824743
205	K01E00C-S001-R001-C216-R_out.fits	61108.816606	0.417686	0.011672	1.311335	15892.648872	361.505092
206	K01E00C-S001-R001-C217-R_out.fits	61108.817429	0.426165	0.011896	1.315375	16007.241947	361.061148
207	K01E00C-S001-R001-C218-R_out.fits	61108.818275	0.407768	0.011484	1.319587	15645.682913	360.699133
208	K01E00C-S001-R001-C219-R_out.fits	61108.819098	0.433770	0.012081	1.323748	16198.826439	362.237897
209	K01E00C-S001-R001-C220-R_out.fits	61108.819931	0.418225	0.011485	1.328024	16216.987755	361.843177
210	K01E00C-S001-R001-C221-R_out.fits	61108.820777	0.426563	0.011875	1.332427	16194.485591	364.482312
211	K01E00C-S001-R001-C222-R_out.fits	61108.821625	0.437023	0.012243	1.336913	16186.794906	363.607214
212	K01E00C-S001-R001-C223-R_out.fits	61108.822472	0.430020	0.012042	1.341455	16104.870267	363.436133
213	K01E00C-S001-R001-C224-R_out.fits	61108.823318	0.437155	0.012263	1.346066	16245.213979	365.056904
214	K01E00C-S001-R001-C225-R_out.fits	61108.824176	0.431193	0.011925	1.350811	16472.989403	366.883756
215	K01E00C-S001-R001-C226-R_out.fits	61108.825022	0.447442	0.012277	1.355562	16840.229859	367.170478
216	K01E00C-S001-R001-C227-R_out.fits	61108.825852	0.431885	0.012077	1.360286	16336.313603	367.623707
217	K01E00C-S001-R001-C228-R_out.fits	61108.826675	0.448476	0.012451	1.365049	16669.604877	367.604280
218	K01E00C-S001-R001-C229-R_out.fits	61108.827531	0.436694	0.012362	1.370070	16216.668029	367.713112
219	K01E00C-S001-R001-C230-R_out.fits	61108.828356	0.438949	0.012223	1.374982	16599.109898	369.968570
220	K01E00C-S001-R001-C231-R_out.fits	61108.829202	0.432792	0.012046	1.380097	16523.287765	370.266304
221	K01E00C-S001-R001-C232-R_out.fits	61108.830025	0.431952	0.011770	1.385146	16923.639770	371.443848
222	K01E00C-S001-R001-C233-R_out.fits	61108.830872	0.449383	0.012596	1.390415	16621.827341	369.314169
223	K01E00C-S001-R001-C234-R_out.fits	61108.831728	0.446751	0.012165	1.395822	17076.950259	369.895025
224	K01E00C-S001-R001-C235-R_out.fits	61108.832551	0.433426	0.012193	1.401100	16337.158035	369.187759
225	K01E00C-S001-R001-C236-R_out.fits	61108.833398	0.432432	0.012180	1.406616	16338.800989	369.608043
226	K01E00C-S001-R001-C237-R_out.fits	61108.834224	0.433438	0.012098	1.412068	16524.660379	370.436224
227	K01E00C-S001-R001-C238-R_out.fits	61108.835053	0.441566	0.012072	1.417624	17063.883130	372.019648
228	K01E00C-S001-R001-C239-R_out.fits	61108.835900	0.431370	0.012110	1.423385	16434.355961	371.007861
229	K01E00C-S001-R001-C240-R_out.fits	61108.836746	0.447945	0.012279	1.429228	17155.017293	373.657117
230	K01E00C-S001-R001-C241-R_out.fits	61108.837593	0.418834	0.011896	1.435160	16191.530127	373.978083
231	K01E00C-S001-R001-C242-R_out.fits	61108.838418	0.444724	0.012464	1.441030	16707.674015	372.813539
232	K01E00C-S001-R001-C243-R_out.fits	61108.839245	0.442217	0.012255	1.446998	16923.121658	374.123449
233	K01E00C-S001-R001-C244-R_out.fits	61108.840103	0.431169	0.012307	1.453289	16316.246634	375.282413
234	K01E00C-S001-R001-C245-R_out.fits	61108.840950	0.436373	0.012206	1.459584	16738.086806	375.094583
235	K01E00C-S001-R001-C250-R_out.fits	61108.845087	0.449812	0.012885	1.491769	16751.343643	380.603696
236	K01E00C-S001-R001-C251-R_out.fits	61108.845913	0.453870	0.013159	1.498480	16602.757885	380.465379
237	K01E00C-S001-R001-C252-R_out.fits	61108.846759	0.440561	0.012737	1.505466	16478.379457	380.142747
238	K01E00C-S001-R001-C253-R_out.fits	61108.847590	0.449846	0.013031	1.512426	16714.930059	384.078330
239	K01E00C-S001-R001-C254-R_out.fits	61108.848438	0.431364	0.012667	1.519637	16244.208807	383.978727
240	K01E00C-S001-R001-C255-R_out.fits	61108.849284	0.435283	0.012698	1.526948	16487.258746	385.831269
241	K01E00C-S001-R001-C256-R_out.fits	61108.850107	0.429492	0.012690	1.534169	16281.793701	387.761945
242	K01E00C-S001-R001-C257-R_out.fits	61108.850932	0.451198	0.013192	1.541512	16822.102157	389.754978
243	K01E00C-S001-R001-C258-R_out.fits	61108.851761	0.406081	0.012680	1.549012	15351.283240	394.035783
244	K01E00C-S001-R001-C259-R_out.fits	61108.852610	0.439060	0.012896	1.556802	16865.250892	396.349358
245	K01E00C-S001-R001-C260-R_out.fits	61108.853433	0.446001	0.013575	1.564474	16533.767921	400.817587
246	K01E00C-S001-R001-C267-R_out.fits	61108.859250	0.416171	0.013791	1.622163	15677.994999	423.636276
247	K01E00C-S001-R001-C268-R_out.fits	61108.860075	0.424462	0.014075	1.630871	15849.563020	425.363239
248	K01E00C-S001-R001-C269-R_out.fits	61108.860905	0.428612	0.014012	1.639762	16176.508046	426.870070
249	K01E00C-S001-R001-C270-R_out.fits	61108.861730	0.429996	0.014506	1.648746	15721.401667	427.363609
250	K01E00C-S001-R001-C271-R_out.fits	61108.862555	0.442651	0.014818	1.657866	16061.263026	428.926432
251	K01E00C-S001-R001-C272-R_out.fits	61108.863378	0.425538	0.014536	1.667113	15595.151324	430.580150
252	K01E00C-S001-R001-C273-R_out.fits	61108.864206	0.403956	0.013791	1.676557	15358.216635	430.655307
253	K01E00C-S001-R001-C274-R_out.fits	61108.865064	0.427455	0.014518	1.686511	15825.918736	433.888992
254	K01E00C-S001-R001-C275-R_out.fits	61108.865919	0.420475	0.014378	1.696606	15655.137477	434.762360
255	K01E00C-S001-R001-C276-R_out.fits	61108.866751	0.414265	0.014128	1.706571	15690.132034	436.518024
256	K01E00C-S001-R001-C277-R_out.fits	61108.867575	0.432160	0.015016	1.716612	15688.311002	438.265950
257	K01E00C-S001-R001-C278-R_out.fits	61108.868402	0.409302	0.013989	1.726861	15747.429177	440.953627
258	K01E00C-S001-R001-C279-R_out.fits	61108.869242	0.409795	0.014547	1.737437	15170.399380	440.310299
259	K01E00C-S001-R001-C280-R_out.fits	61108.870072	0.414951	0.014853	1.748058	15194.942251	443.290371
260	K01E00C-S001-R001-C281-R_out.fits	61108.870897	0.422965	0.014810	1.758800	15659.778747	444.419899
261	K01E00C-S001-R001-C282-R_out.fits	61108.871727	0.415931	0.015122	1.769778	15098.377069	447.699484
262	K01E00C-S001-R001-C283-R_out.fits	61108.872554	0.402632	0.014842	1.780914	14698.087327	445.887858
263	K01E00C-S001-R001-C284-R_out.fits	61108.873412	0.430611	0.015412	1.792652	15528.389853	447.770935
264	K01E00C-S001-R001-C285-R_out.fits	61108.874240	0.409845	0.014726	1.804175	15238.432310	448.203712
265	K01E00C-S001-R001-C286-R_out.fits	61108.875075	0.417764	0.015498	1.816008	14871.132670	448.619134
266	K01E00C-S001-R001-C287-R_out.fits	61108.875922	0.426826	0.015536	1.828212	15329.821617	450.880982
267	K01E00C-S001-R001-C288-R_out.fits	61108.876748	0.406289	0.015091	1.840313	14760.499790	450.169742
268	K01E00C-S001-R001-C289-R_out.fits	61108.877575	0.405982	0.014998	1.852654	14871.322724	451.120915
269	K01E00C-S001-R001-C290-R_out.fits	61108.878402	0.409239	0.015250	1.865198	14836.941395	452.981360
270	K01E00C-S001-R001-C291-R_out.fits	61108.879228	0.418510	0.015675	1.877953	14925.329139	454.561805
271	K01E00C-S001-R001-C292-R_out.fits	61108.880059	0.410974	0.015844	1.891000	14409.591512	453.865580
272	K01E00C-S001-R001-C293-R_out.fits	61108.880883	0.417700	0.015640	1.904175	15002.152545	456.625563
273	K01E00C-S001-R001-C294-R_out.fits	61108.881743	0.421655	0.015712	1.918191	15172.798409	458.355852
274	K01E00C-S001-R001-C295-R_out.fits	61108.882571	0.439570	0.015904	1.931911	15946.008037	461.418137
275	K01E00C-S001-R001-C296-R_out.fits	61108.883399	0.430333	0.015957	1.945893	15468.756482	461.562184
276	K01E00C-S001-R001-C297-R_out.fits	61108.884226	0.408206	0.015379	1.960104	15068.657771	465.754551
277	K01E00C-S001-R001-C298-R_out.fits	61108.885054	0.436510	0.016330	1.974589	15530.114499	465.627917
278	K01E00C-S001-R001-C299-R_out.fits	61108.885912	0.422449	0.015946	1.989887	15233.277083	465.725004
279	K01E00C-S001-R001-C300-R_out.fits	61108.886737	0.443922	0.016180	2.004881	16167.043723	469.666798
280	K01E00C-S001-R001-C301-R_out.fits	61108.887569	0.427066	0.016071	2.020276	15451.536246	469.083126
281	K01E00C-S001-R001-C302-R_out.fits	61108.888394	0.427587	0.016196	2.035841	15435.590810	471.926166
282	K01E00C-S001-R001-C303-R_out.fits	61108.889220	0.437303	0.017241	2.051712	14964.925170	473.010597
283	K01E00C-S001-R001-C304-R_out.fits	61108.890075	0.443342	0.016905	2.068459	15600.773492	474.019173
284	K01E00C-S001-R001-C305-R_out.fits	61108.890900	0.437732	0.016712	2.084925	15574.114321	475.914451
285	K01E00C-S001-R001-C306-R_out.fits	61108.891725	0.439989	0.016842	2.101724	15631.280216	478.309517
286	K01E00C-S001-R001-C307-R_out.fits	61108.892551	0.422288	0.016130	2.118848	15478.402381	478.827486
287	K01E00C-S001-R001-C308-R_out.fits	61108.893397	0.432537	0.017403	2.136760	14888.931938	481.950956
288	K01E00C-S001-R001-C309-R_out.fits	61108.894253	0.434315	0.016759	2.155232	15614.158116	483.570167
289	K01E00C-S001-R001-C310-R_out.fits	61108.895078	0.407599	0.015535	2.173418	15582.984043	487.465233
290	K01E00C-S001-R001-C311-R_out.fits	61108.895906	0.404312	0.016044	2.192015	15000.007873	489.258011
291	K01E00C-S001-R001-C312-R_out.fits	61108.896732	0.453415	0.017585	2.210954	16094.867685	493.447040
292	K01E00C-S001-R001-C313-R_out.fits	61108.897563	0.418392	0.016703	2.230398	15336.302513	498.119893
293	K01E00C-S001-R001-C314-R_out.fits	61108.898419	0.419592	0.017295	2.250842	15001.173893	502.276762
294	K01E00C-S001-R001-C315-R_out.fits	61108.899244	0.421444	0.016781	2.270973	15757.136651	507.515283
295	K01E00C-S001-R001-C316-R_out.fits	61108.900091	0.422318	0.017960	2.292053	15016.793122	517.521107
296	K01E00C-S001-R001-C317-R_out.fits	61108.900937	0.413420	0.018355	2.313588	14506.475371	525.142893
297	K01E00C-S001-R001-C318-R_out.fits	61108.901785	0.432774	0.018955	2.335630	15346.853607	539.452305
298	K01E00C-S001-R001-C319-R_out.fits	61108.902632	0.456697	0.020711	2.358141	15530.078209	553.358828
299	K01E00C-S001-R001-C320-R_out.fits	61108.903478	0.447030	0.020681	2.381130	15661.469206	574.460784
300	K01E00C-S001-R001-C321-R_out.fits	61108.904324	0.399435	0.020180	2.404635	14398.547572	599.079725
301	K01E00C-S001-R001-C322-R_out.fits	61108.905150	0.409724	0.021484	2.428067	14727.000376	629.573989
302	K01E00C-S001-R001-C323-R_out.fits	61108.906006	0.417012	0.023758	2.452915	14571.918061	674.371043
