#	Label	J.D.-2400000	rel_flux_T1	rel_flux_err_T1	AIRMASS	Source-Sky_T1	Source_Error_T1
1	TN-G2882_2026-02-22_03-17-20.428_R_B2.fits	61093.637216	0.249118	0.003084	2.089387	15944.989975	178.898201
2	TN-G2882_2026-02-22_03-18-04.110_R_B2.fits	61093.637721	0.253274	0.003140	2.098694	16001.314616	179.318598
3	TN-G2882_2026-02-22_03-18-50.719_R_B2.fits	61093.638261	0.255094	0.003132	2.108735	16305.302333	180.943238
4	TN-G2882_2026-02-22_03-19-32.460_R_B2.fits	61093.638744	0.250557	0.003166	2.117812	15623.963676	178.778770
5	TN-G2882_2026-02-22_03-20-19.329_R_B2.fits	61093.639286	0.251449	0.003170	2.128110	15858.701765	181.334311
6	TN-G2882_2026-02-22_03-21-01.960_R_B2.fits	61093.639780	0.247614	0.003124	2.137569	15622.050361	178.765093
7	TN-G2882_2026-02-22_03-21-48.429_R_B2.fits	61093.640317	0.247187	0.003136	2.147986	15623.406323	180.044741
8	TN-G2882_2026-02-22_03-22-30.620_R_B2.fits	61093.640806	0.252596	0.003113	2.157537	16222.978112	180.963226
9	TN-G2882_2026-02-22_03-23-17.420_R_B2.fits	61093.641347	0.259658	0.003179	2.168242	16437.243011	181.417453
10	TN-G2882_2026-02-22_03-23-59.539_R_B2.fits	61093.641835	0.256960	0.003182	2.177971	16161.824774	180.633407
11	TN-G2882_2026-02-22_03-24-46.520_R_B2.fits	61093.642379	0.253162	0.003165	2.188939	15927.884167	180.192310
12	TN-G2882_2026-02-22_03-25-29.079_R_B2.fits	61093.642871	0.249096	0.003121	2.198974	15857.632506	180.088005
13	TN-G2882_2026-02-22_03-26-15.439_R_B2.fits	61093.643408	0.250050	0.003174	2.210021	15617.497826	179.581731
14	TN-G2882_2026-02-22_03-26-57.500_R_B2.fits	61093.643895	0.252031	0.003247	2.220144	15412.074996	179.883367
15	TN-G2882_2026-02-22_03-27-44.240_R_B2.fits	61093.644436	0.253120	0.003186	2.231513	15902.117334	181.128131
16	TN-G2882_2026-02-22_03-28-27.050_R_B2.fits	61093.644931	0.262449	0.003232	2.242033	16504.220034	182.995748
17	TN-G2882_2026-02-22_03-29-13.278_R_B2.fits	61093.645466	0.254060	0.003319	2.253515	15159.486867	179.071909
18	TN-G2882_2026-02-22_03-29-59.789_R_B2.fits	61093.646005	0.260307	0.003304	2.265192	15807.423146	180.808732
19	TN-G2882_2026-02-22_03-30-46.200_R_B2.fits	61093.646542	0.264262	0.003302	2.276975	16151.154196	181.389395
20	TN-G2882_2026-02-22_03-31-32.689_R_B2.fits	61093.647080	0.259635	0.003329	2.288906	15629.555630	180.673329
21	TN-G2882_2026-02-22_03-32-19.239_R_B2.fits	61093.647619	0.258666	0.003305	2.300986	15722.698692	181.152431
22	TN-G2882_2026-02-22_03-33-01.919_R_B2.fits	61093.648113	0.263000	0.003306	2.312184	16160.872378	182.844251
23	TN-G2882_2026-02-22_03-33-48.658_R_B2.fits	61093.648653	0.262738	0.003335	2.324577	16002.851531	183.142623
24	TN-G2882_2026-02-22_03-34-35.710_R_B2.fits	61093.649198	0.255398	0.003271	2.337195	15646.967889	181.003627
25	TN-G2882_2026-02-22_03-35-22.260_R_B2.fits	61093.649737	0.255197	0.003262	2.349823	15734.182027	181.733035
26	TN-G2882_2026-02-22_03-36-05.059_R_B2.fits	61093.650232	0.265816	0.003322	2.361558	16343.029564	183.571922
27	TN-G2882_2026-02-22_03-36-51.490_R_B2.fits	61093.650770	0.265335	0.003375	2.374432	15977.779791	182.586404
28	TN-G2882_2026-02-22_03-37-33.548_R_B2.fits	61093.651256	0.253362	0.003252	2.386220	15636.802790	181.475456
29	TN-G2882_2026-02-22_03-38-20.350_R_B2.fits	61093.651798	0.257306	0.003301	2.399481	15870.525860	184.112864
30	TN-G2882_2026-02-22_03-39-02.970_R_B2.fits	61093.652291	0.266154	0.003328	2.411693	16358.074987	183.683746
31	TN-G2882_2026-02-22_03-39-46.149_R_B2.fits	61093.652791	0.257154	0.003309	2.424197	15743.559228	182.931422
32	TN-G2882_2026-02-22_03-40-28.890_R_B2.fits	61093.653286	0.261975	0.003337	2.436708	16042.195058	184.115274
33	TN-G2882_2026-02-22_03-41-15.519_R_B2.fits	61093.653825	0.262939	0.003340	2.450514	16123.103586	184.373809
34	TN-G2882_2026-02-22_03-41-57.560_R_B2.fits	61093.654312	0.265515	0.003397	2.463100	16015.043235	184.329964
35	TN-G2882_2026-02-22_03-42-44.490_R_B2.fits	61093.654855	0.259525	0.003371	2.477308	15667.930430	183.628504
36	TN-G2882_2026-02-22_03-43-31.039_R_B2.fits	61093.655394	0.260732	0.003380	2.491572	15781.916364	184.586241
37	TN-G2882_2026-02-22_03-44-17.460_R_B2.fits	61093.655931	0.265561	0.003409	2.505965	15974.826675	184.410607
38	TN-G2882_2026-02-22_03-44-59.329_R_B2.fits	61093.656416	0.267618	0.003484	2.519095	15756.724582	184.301275
39	TN-G2882_2026-02-22_03-45-45.759_R_B2.fits	61093.656953	0.266699	0.003410	2.533825	16165.440709	185.745488
40	TN-G2882_2026-02-22_03-46-29_R_B2.fits	61093.657454	0.263942	0.003464	2.547701	15635.917493	184.693822
41	TN-G2882_2026-02-22_03-47-15.550_R_B2.fits	61093.657992	0.270485	0.003502	2.562816	16013.526983	185.983742
42	TN-G2882_2026-02-22_03-47-57.500_R_B2.fits	61093.658478	0.263488	0.003537	2.576596	15226.243807	184.101521
43	TN-G2882_2026-02-22_03-48-44.359_R_B2.fits	61093.659020	0.256586	0.003500	2.592173	14892.854393	183.495756
44	TN-G2882_2026-02-22_03-49-27.170_R_B2.fits	61093.659516	0.266339	0.003422	2.606570	16213.035445	187.230492
45	TN-G2882_2026-02-22_03-50-09.349_R_B2.fits	61093.660004	0.265805	0.003596	2.620918	15191.509199	184.947004
46	TN-G2882_2026-02-22_03-50-52.030_R_B2.fits	61093.660498	0.276627	0.003569	2.635603	16276.407972	187.775306
47	TN-G2882_2026-02-22_03-51-38.460_R_B2.fits	61093.661035	0.268518	0.003560	2.651767	15695.315017	186.868827
48	TN-G2882_2026-02-22_03-52-25.629_R_B2.fits	61093.661581	0.265005	0.003505	2.668399	15708.186933	186.953758
49	TN-G2882_2026-02-22_03-53-07.570_R_B2.fits	61093.662067	0.264516	0.003454	2.683367	15963.806772	187.512357
50	TN-G2882_2026-02-22_03-53-54.009_R_B2.fits	61093.662604	0.265574	0.003618	2.700144	15121.809317	185.213090
51	TN-G2882_2026-02-22_03-54-40.359_R_B2.fits	61093.663141	0.270093	0.003563	2.717101	15901.639290	188.296953
52	TN-G2882_2026-02-22_03-55-27.530_R_B2.fits	61093.663687	0.266442	0.003582	2.734582	15476.614140	187.169906
53	TN-G2882_2026-02-22_03-56-14.769_R_B2.fits	61093.664233	0.264530	0.003715	2.752317	14968.199481	189.935768
54	TN-G2882_2026-02-22_03-56-58.070_R_B2.fits	61093.664735	0.271168	0.003638	2.768779	15730.382410	189.517627
55	TN-G2882_2026-02-22_03-58-23.059_R_B2.fits	61093.665718	0.275679	0.003607	2.801684	16320.418871	191.261634
56	TN-G2882_2026-02-22_03-59-05.540_R_B2.fits	61093.666210	0.274627	0.003727	2.818428	15588.247329	189.544765
57	TN-G2882_2026-02-22_03-59-52.399_R_B2.fits	61093.666752	0.262384	0.003679	2.837132	14758.211894	186.641880
