	Date_________JDUT	mag_correction
0	61101.657971	0.7290114158088721
1	61101.658447	0.7290193568121204
2	61101.65893	0.7290274162053758
3	61101.659409	0.729035410456599
4	61101.659908	0.7290437273155561
5	61101.660384	0.7290516417351978
6	61101.660864	0.729059624260203
7	61101.661348	0.7290676749309646
8	61101.661825	0.7290756107624969
9	61101.662325	0.7290839309450632
10	61101.662813	0.72909205312232
11	61101.663311	0.7291003434473269
12	61101.66381	0.7291086521521681
13	61101.664287	0.7291165961626098
14	61101.664792	0.7291250082151726
15	61101.66527	0.7291329721506599
16	61101.665748	0.72914093767774
17	61101.666255	0.7291493882082081
18	61101.666734	0.7291573402265126
19	61101.667212	0.7291650730835681
20	61101.667717	0.7291732444589472
21	61101.668216	0.7291813204899553
22	61101.668693	0.7291890420815308
23	61101.66917	0.7291967652547198
24	61101.669671	0.7292048787182757
25	61101.67017	0.7292129615270497
26	61101.670649	0.7292207220039932
27	61101.671148	0.7292288082055409
28	61101.671627	0.7292365719392402
29	61101.672106	0.7292443372679567
30	61101.672584	0.7292520879754236
31	61101.673083	0.729260180889916
32	61101.673581	0.7292682593121815
33	61101.67408	0.7292765207784919
34	61101.674587	0.7292849272465967
35	61101.675086	0.7292932028218064
36	61101.675562	0.7293010985788047
37	61101.676061	0.7293093775532435
38	61101.676561	0.7293176748638257
39	61101.67706	0.7293259573213409
40	61101.677558	0.7293342249153745
41	61101.678062	0.72934259388327
42	61101.678541	0.7293505493689958
43	61101.679041	0.7293588553441277
44	61101.679538	0.7293671132145962
45	61101.680037	0.7293754060526578
46	61101.680535	0.7293836840066963
47	61101.681033	0.7293919276954146
48	61101.681539	0.7294003040155548
49	61101.682038	0.7294085662126248
50	61101.682515	0.7294164657735598
51	61101.683013	0.7294247148129904
52	61101.683492	0.7294326507675828
53	61101.68397	0.7294405717553567
54	61101.684469	0.7294488424424306
55	61101.684951	0.7294568330174169
56	61101.685449	0.7294650905475646
57	61101.685948	0.7294733664003967
58	61101.686455	0.7294817767173796
59	61101.686932	0.7294896910250934
60	61101.68743	0.7294979554610392
61	61101.687929	0.7295062051160197
62	61101.688408	0.7295141205781139
63	61101.688887	0.7295220376485219
64	61101.689386	0.7295302869962756
65	61101.689894	0.7295386869230627
66	61101.690372	0.7295465924431299
67	61101.69087	0.7295548304420356
68	61101.691371	0.7295631198219832
69	61101.691849	0.7295710302920531
70	61101.692328	0.7295789589181441
71	61101.692826	0.7295872037467357
72	61101.693334	0.729595615925873
73	61101.693835	0.7296039139613062
74	61101.694846	0.7296206327859496
75	61101.695325	0.729628533699687
76	61101.695824	0.7296367662189807
77	61101.696322	0.7296449839836179
78	61101.696843	0.7296535831476534
79	61101.697345	0.7296618705179763
80	61101.697824	0.7296697798381431
81	61101.698303	0.7296776907696279
82	61101.698781	0.7296855867921461
83	61101.69928	0.729693831423146
84	61101.699778	0.7297020612755232
85	61101.700288	0.729710491242995
86	61101.700789	0.7297187742253213
87	61101.701287	0.7297270093562549
88	61101.701767	0.7297349180727548
89	61101.702244	0.7297427708225313
90	61101.702743	0.7297509874667096
91	61101.703241	0.7297591893911266
92	61101.703749	0.7297675578104179
93	61101.704226	0.7297754172112847
94	61101.704712	0.7297834265490448
95	61101.705214	0.7297917013135717
96	61101.705693	0.729799598608494
97	61101.706192	0.7298078273610804
98	61101.706692	0.7298160743615809
99	61101.707174	0.7298240261353381
100	61101.707672	0.7298322435853073
101	61101.70815	0.7298401326587554
102	61101.708638	0.7298481634979506
103	61101.709116	0.7298560166995676
104	61101.709617	0.7298642495032146
105	61101.710094	0.7298720895649176
106	61101.710594	0.72988030938025
107	61101.711095	0.7298885474026133
108	61101.711594	0.7298967542971535
109	61101.712102	0.7299051110145656
110	61101.7126	0.7299133049953297
111	61101.713099	0.7299215171832396
112	61101.713576	0.7299293689515574
113	61101.714086	0.7299377656980439
114	61101.714596	0.7299461642780232
115	61101.715094	0.7299543670137423
116	61101.715602	0.7299625711628084
117	61101.716113	0.7299707314573705
118	61101.716613	0.7299787178681225
119	61101.717112	0.7299866900598682
120	61101.717591	0.7299943443729662
121	61101.71809	0.7300023199985144
122	61101.718567	0.730009945631183
123	61101.719075	0.7300180686104587
124	61101.719555	0.7300257455351018
125	61101.720055	0.7300337440555249
126	61101.720556	0.730041760337665
127	61101.721033	0.7300493942477417
128	61101.721532	0.7300573819596159
129	61101.722042	0.7300655475639979
130	61101.72255	0.7300737950247898
131	61101.723029	0.7300816314323326
132	61101.72353	0.7300898294947606
133	61101.724007	0.7300976364853646
134	61101.724484	0.7301054450855002
135	61101.724983	0.7301136155532271
136	61101.725468	0.7301215584772638
137	61101.72598	0.7301299453903554
138	61101.726457	0.730137760647745
139	61101.726936	0.7301456102933896
140	61101.727415	0.7301534615622105
141	61101.727893	0.730161298058204
142	61101.728371	0.7301691361705629
143	61101.728854	0.7301770579136688
144	61101.729334	0.7301849178116766
145	61101.729814	0.7301927526644967
146	61101.730315	0.7302009320335889
147	61101.730816	0.7302091131813437
148	61101.731314	0.7302172471028179
149	61101.731791	0.7302250396756285
150	61101.732269	0.7302328502026021
151	61101.732746	0.7302406460037383
152	61101.733244	0.7302487867368228
153	61101.733721	0.7302565858339347
154	61101.734201	0.730264435609963
155	61101.734699	0.7302725814785733
156	61101.735177	0.7302804018572135
157	61101.736185	0.730296860803372
158	61101.736665	0.7303044729345964
159	61101.737144	0.7303120708322257
160	61101.737644	0.7303200035633888
161	61101.73812	0.7303275571668701
162	61101.738597	0.7303351282473807
163	61101.739078	0.7303427644470799
164	61101.739567	0.730350529330273
165	61101.740045	0.7303581211786148
166	61101.740558	0.7303662707139946
167	61101.741035	0.7303738500229313
168	61101.741516	0.7303814945203675
169	61101.741994	0.7303890929609029
170	61101.742473	0.7303967089195824
171	61101.742951	0.730404310597254
172	61101.743428	0.7304120244183918
173	61101.743912	0.7304198891081712
174	61101.74439	0.7304276579371991
175	61101.744867	0.7304354121335022
176	61101.745366	0.7304435256977866
177	61101.745866	0.7304516572981108
178	61101.746344	0.7304594327708118
179	61101.746853	0.7304677142973499
180	61101.747331	0.7304754931261359
181	61101.747808	0.7304832573015161
182	61101.748307	0.7304913813053835
183	61101.748786	0.7304991813641264
184	61101.749263	0.730506950476997
185	61101.749761	0.7305150633535094
186	61101.75027	0.7305232184508461
187	61101.750768	0.7305310788790524
188	61101.751267	0.7305389568576954
189	61101.751744	0.7305464891636575
190	61101.752243	0.7305543706008879
191	61101.75272	0.7305619062129187
192	61101.753219	0.7305697911089004
193	61101.7537	0.7305773932536823
194	61101.754199	0.7305852816227567
195	61101.754697	0.7305931559465486
196	61101.755183	0.730600842226073
197	61101.755661	0.7306084036188798
198	61101.757636	0.7306398971198595
199	61101.758134	0.7306479522189373
200	61101.758642	0.7306561708912482
201	61101.759119	0.7306638897077447
202	61101.759618	0.730671966266885
203	61101.760128	0.7306802227036873
204	61101.760609	0.7306880113584437
205	61101.761087	0.730695753072
206	61101.761585	0.7307038204419483
207	61101.762095	0.7307120840417596
208	61101.762605	0.7307203494990464
209	61101.763103	0.7307284222671668
210	61101.763583	0.7307362049248258
211	61101.764061	0.7307438681443303
212	61101.764559	0.7307516895942676
213	61101.765057	0.7307595128118596
214	61101.765569	0.730767557802511
215	61101.766047	0.7307750702419618
216	61101.766545	0.7307828987419294
217	61101.767027	0.730790477407504
218	61101.767507	0.7307980262721143
219	61101.767984	0.7308055295835747
220	61101.768462	0.7308130502524501
221	61101.768964	0.7308209502818166
222	61101.769442	0.7308284742902824
223	61101.76994	0.7308363148436103
224	61101.770449	0.7308443304091572
225	61101.770928	0.7308518668485187
226	61101.771426	0.7308596685807898
227	61101.771903	0.7308671429849973
228	61101.77238	0.7308746190141182
229	61101.772879	0.7308824415885984
230	61101.773358	0.7308899523060122
231	61101.773858	0.7308977940513306
232	61101.774337	0.7309053081179939
233	61101.774816	0.7309128238233038
234	61101.775322	0.7309207649497362
235	61101.775799	0.7309282526268697
236	61101.776276	0.7309357419291092
237	61101.776754	0.7309432485626832
238	61101.77723	0.7309507254096264
239	61101.777729	0.730958565270518
