#	Label	J.D.-2400000	rel_flux_T1	rel_flux_err_T1	AIRMASS	Source-Sky_T1	Source_Error_T1
1	K01E00C-S001-R001-C001-R_out.fits	61101.657971	0.252611	0.006142	1.464759	13263.452032	293.319279
2	K01E00C-S001-R001-C002-R_out.fits	61101.658447	0.251180	0.006130	1.460907	13271.124053	295.158635
3	K01E00C-S001-R001-C003-R_out.fits	61101.658930	0.256434	0.006089	1.457034	13645.931270	294.381202
4	K01E00C-S001-R001-C004-R_out.fits	61101.659409	0.259175	0.006022	1.453234	13936.921400	293.524839
5	K01E00C-S001-R001-C005-R_out.fits	61101.659908	0.245968	0.006092	1.449302	12934.371749	293.095051
6	K01E00C-S001-R001-C006-R_out.fits	61101.660384	0.247494	0.006013	1.445578	13212.933527	293.582058
7	K01E00C-S001-R001-C007-R_out.fits	61101.660864	0.258589	0.005931	1.441863	14046.868526	291.970330
8	K01E00C-S001-R001-C008-R_out.fits	61101.661348	0.253125	0.006005	1.438147	13566.963519	293.102785
9	K01E00C-S001-R001-C009-R_out.fits	61101.661825	0.249485	0.005894	1.434510	13503.230473	291.132952
10	K01E00C-S001-R001-C010-R_out.fits	61101.662325	0.259803	0.005961	1.430742	14076.824679	292.894347
11	K01E00C-S001-R001-C011-R_out.fits	61101.662813	0.248707	0.005856	1.427086	13524.960337	290.787932
12	K01E00C-S001-R001-C012-R_out.fits	61101.663311	0.260641	0.005876	1.423386	14334.130912	293.031631
13	K01E00C-S001-R001-C013-R_out.fits	61101.663810	0.245443	0.005762	1.419718	13485.411517	289.588888
14	K01E00C-S001-R001-C014-R_out.fits	61101.664287	0.253533	0.005802	1.416235	13933.225356	290.269418
15	K01E00C-S001-R001-C015-R_out.fits	61101.664792	0.245807	0.005680	1.412583	13684.773269	289.000109
16	K01E00C-S001-R001-C016-R_out.fits	61101.665270	0.245053	0.005726	1.409153	13609.058514	291.204085
17	K01E00C-S001-R001-C017-R_out.fits	61101.665748	0.242523	0.005614	1.405757	13641.278613	289.373654
18	K01E00C-S001-R001-C018-R_out.fits	61101.666255	0.254454	0.005745	1.402175	14061.193352	288.563252
19	K01E00C-S001-R001-C019-R_out.fits	61101.666734	0.253885	0.005780	1.398826	13991.620402	289.747757
20	K01E00C-S001-R001-C020-R_out.fits	61101.667212	0.254168	0.005764	1.395515	14020.509156	289.326287
21	K01E00C-S001-R001-C021-R_out.fits	61101.667717	0.249195	0.005646	1.392038	14004.588157	289.740448
22	K01E00C-S001-R001-C022-R_out.fits	61101.668216	0.242785	0.005594	1.388641	13613.595138	287.164435
23	K01E00C-S001-R001-C023-R_out.fits	61101.668693	0.249551	0.005646	1.385413	13952.967994	287.753171
24	K01E00C-S001-R001-C024-R_out.fits	61101.669170	0.253622	0.005626	1.382217	14322.705883	289.004129
25	K01E00C-S001-R001-C025-R_out.fits	61101.669671	0.251183	0.005607	1.378885	14172.348020	288.173103
26	K01E00C-S001-R001-C026-R_out.fits	61101.670170	0.248199	0.005726	1.375594	13702.831798	288.936823
27	K01E00C-S001-R001-C027-R_out.fits	61101.670649	0.239762	0.005501	1.372465	13646.656394	287.360379
28	K01E00C-S001-R001-C028-R_out.fits	61101.671148	0.243973	0.005605	1.369230	13732.162302	289.041896
29	K01E00C-S001-R001-C029-R_out.fits	61101.671627	0.248647	0.005576	1.366153	14079.491324	288.391279
30	K01E00C-S001-R001-C030-R_out.fits	61101.672106	0.247961	0.005661	1.363100	13869.890024	289.658757
31	K01E00C-S001-R001-C031-R_out.fits	61101.672584	0.250146	0.005664	1.360078	13905.636549	287.097680
32	K01E00C-S001-R001-C032-R_out.fits	61101.673083	0.243603	0.005609	1.356953	13595.477752	286.771403
33	K01E00C-S001-R001-C033-R_out.fits	61101.673581	0.253109	0.005708	1.353855	13985.669443	287.258287
34	K01E00C-S001-R001-C034-R_out.fits	61101.674080	0.242092	0.005584	1.350784	13530.448797	286.223848
35	K01E00C-S001-R001-C035-R_out.fits	61101.674587	0.244837	0.005606	1.347686	13645.667788	286.053458
36	K01E00C-S001-R001-C036-R_out.fits	61101.675086	0.246095	0.005570	1.344663	13867.749552	287.320380
37	K01E00C-S001-R001-C037-R_out.fits	61101.675562	0.240536	0.005531	1.341800	13479.818708	284.394619
38	K01E00C-S001-R001-C038-R_out.fits	61101.676061	0.253528	0.005657	1.338831	14065.726019	285.682480
39	K01E00C-S001-R001-C039-R_out.fits	61101.676561	0.242332	0.005602	1.335880	13437.957655	284.761970
40	K01E00C-S001-R001-C040-R_out.fits	61101.677060	0.242899	0.005565	1.332957	13536.289940	284.156821
41	K01E00C-S001-R001-C041-R_out.fits	61101.677558	0.248378	0.005621	1.330064	13726.052781	283.544263
42	K01E00C-S001-R001-C042-R_out.fits	61101.678062	0.241080	0.005568	1.327167	13381.261055	283.431585
43	K01E00C-S001-R001-C043-R_out.fits	61101.678541	0.244126	0.005567	1.324434	13607.009546	284.292781
44	K01E00C-S001-R001-C044-R_out.fits	61101.679041	0.237785	0.005522	1.321604	13243.786017	282.604732
45	K01E00C-S001-R001-C045-R_out.fits	61101.679538	0.234370	0.005448	1.318813	13189.120933	282.182637
46	K01E00C-S001-R001-C046-R_out.fits	61101.680037	0.237508	0.005528	1.316040	13172.819320	281.724350
47	K01E00C-S001-R001-C047-R_out.fits	61101.680535	0.242075	0.005509	1.313291	13583.913360	283.502603
48	K01E00C-S001-R001-C048-R_out.fits	61101.681033	0.241380	0.005527	1.310566	13471.997984	283.161768
49	K01E00C-S001-R001-C049-R_out.fits	61101.681539	0.231114	0.005438	1.307823	13032.286910	283.245881
50	K01E00C-S001-R001-C050-R_out.fits	61101.682038	0.248360	0.005624	1.305145	13684.310494	283.089401
51	K01E00C-S001-R001-C051-R_out.fits	61101.682515	0.236195	0.005547	1.302600	13028.839116	281.617514
52	K01E00C-S001-R001-C052-R_out.fits	61101.683013	0.233716	0.005510	1.299966	12993.432331	282.461844
53	K01E00C-S001-R001-C053-R_out.fits	61101.683492	0.235215	0.005487	1.297455	13109.068635	281.642798
54	K01E00C-S001-R001-C054-R_out.fits	61101.683970	0.224744	0.005376	1.294974	12629.893091	279.810136
55	K01E00C-S001-R001-C055-R_out.fits	61101.684469	0.232797	0.005430	1.292402	13010.500122	279.670089
56	K01E00C-S001-R001-C056-R_out.fits	61101.684951	0.227518	0.005389	1.289939	12820.587876	281.012813
57	K01E00C-S001-R001-C057-R_out.fits	61101.685449	0.229842	0.005406	1.287413	12900.853548	280.281487
58	K01E00C-S001-R001-C058-R_out.fits	61101.685948	0.233505	0.005418	1.284905	13083.049186	279.757334
59	K01E00C-S001-R001-C059-R_out.fits	61101.686455	0.228074	0.005414	1.282379	12736.158555	279.583491
60	K01E00C-S001-R001-C060-R_out.fits	61101.686932	0.226444	0.005480	1.280026	12466.452442	279.318089
61	K01E00C-S001-R001-C061-R_out.fits	61101.687430	0.235941	0.005412	1.277584	13231.197743	279.162702
62	K01E00C-S001-R001-C062-R_out.fits	61101.687929	0.228098	0.005422	1.275165	12678.221106	278.593570
63	K01E00C-S001-R001-C063-R_out.fits	61101.688408	0.234556	0.005416	1.272860	13156.198254	279.835467
64	K01E00C-S001-R001-C064-R_out.fits	61101.688887	0.225145	0.005408	1.270570	12500.326965	278.081855
65	K01E00C-S001-R001-C065-R_out.fits	61101.689386	0.232675	0.005471	1.268207	12835.741409	278.283497
66	K01E00C-S001-R001-C066-R_out.fits	61101.689894	0.229588	0.005398	1.265823	12811.920901	278.181672
67	K01E00C-S001-R001-C067-R_out.fits	61101.690372	0.230428	0.005413	1.263602	12866.287235	279.181424
68	K01E00C-S001-R001-C068-R_out.fits	61101.690870	0.232745	0.005415	1.261303	13009.096685	279.126048
69	K01E00C-S001-R001-C069-R_out.fits	61101.691371	0.239477	0.005390	1.259014	13515.570785	279.289578
70	K01E00C-S001-R001-C070-R_out.fits	61101.691849	0.231629	0.005451	1.256846	12812.277038	278.303974
71	K01E00C-S001-R001-C071-R_out.fits	61101.692328	0.228800	0.005422	1.254693	12645.631031	276.902275
72	K01E00C-S001-R001-C072-R_out.fits	61101.692826	0.236881	0.005526	1.252471	13009.952943	279.397586
73	K01E00C-S001-R001-C073-R_out.fits	61101.693334	0.228277	0.005487	1.250228	12490.719499	277.581303
74	K01E00C-S001-R001-C074-R_out.fits	61101.693835	0.244103	0.005458	1.248033	13612.426917	278.907747
75	K01E00C-S001-R001-C076-R_out.fits	61101.694846	0.240122	0.005484	1.243666	13269.532628	278.247070
76	K01E00C-S001-R001-C077-R_out.fits	61101.695325	0.237709	0.005450	1.241623	13215.227728	278.714562
77	K01E00C-S001-R001-C078-R_out.fits	61101.695824	0.244568	0.005428	1.239513	13699.545768	278.311841
78	K01E00C-S001-R001-C079-R_out.fits	61101.696322	0.239643	0.005438	1.237423	13362.928176	278.460555
79	K01E00C-S001-R001-C080-R_out.fits	61101.696843	0.243706	0.005473	1.235260	13487.598343	277.395037
80	K01E00C-S001-R001-C081-R_out.fits	61101.697345	0.243855	0.005474	1.233195	13503.132563	277.647715
81	K01E00C-S001-R001-C082-R_out.fits	61101.697824	0.240000	0.005452	1.231241	13300.814448	277.473319
82	K01E00C-S001-R001-C083-R_out.fits	61101.698303	0.248647	0.005606	1.229301	13504.012154	278.155140
83	K01E00C-S001-R001-C084-R_out.fits	61101.698781	0.243340	0.005526	1.227386	13297.514037	276.702705
84	K01E00C-S001-R001-C085-R_out.fits	61101.699280	0.248757	0.005483	1.225401	13852.099221	279.080405
85	K01E00C-S001-R001-C086-R_out.fits	61101.699778	0.248225	0.005507	1.223440	13687.688947	277.509912
86	K01E00C-S001-R001-C087-R_out.fits	61101.700288	0.248682	0.005539	1.221449	13646.348090	277.700290
87	K01E00C-S001-R001-C088-R_out.fits	61101.700789	0.245572	0.005493	1.219510	13504.430643	276.489323
88	K01E00C-S001-R001-C089-R_out.fits	61101.701287	0.246780	0.005573	1.217598	13401.768398	276.753485
89	K01E00C-S001-R001-C090-R_out.fits	61101.701767	0.248835	0.005622	1.215775	13417.975486	277.095754
90	K01E00C-S001-R001-C091-R_out.fits	61101.702244	0.251690	0.005539	1.213977	13834.889059	277.730137
91	K01E00C-S001-R001-C092-R_out.fits	61101.702743	0.253309	0.005559	1.212116	13853.077291	277.020909
92	K01E00C-S001-R001-C093-R_out.fits	61101.703241	0.253026	0.005603	1.210271	13776.408424	278.333626
93	K01E00C-S001-R001-C094-R_out.fits	61101.703749	0.246805	0.005462	1.208409	13679.265621	277.042823
94	K01E00C-S001-R001-C095-R_out.fits	61101.704226	0.240681	0.005450	1.206677	13210.941799	274.607559
95	K01E00C-S001-R001-C096-R_out.fits	61101.704712	0.245426	0.005493	1.204924	13435.463818	275.128167
96	K01E00C-S001-R001-C097-R_out.fits	61101.705214	0.249456	0.005515	1.203132	13674.829783	276.046321
97	K01E00C-S001-R001-C098-R_out.fits	61101.705693	0.259628	0.005645	1.201441	14001.417259	276.367054
98	K01E00C-S001-R001-C099-R_out.fits	61101.706192	0.247605	0.005553	1.199692	13415.397368	275.088899
99	K01E00C-S001-R001-C100-R_out.fits	61101.706692	0.258958	0.005768	1.197954	13632.208007	275.764579
100	K01E00C-S001-R001-C101-R_out.fits	61101.707174	0.247826	0.005473	1.196297	13652.657735	275.734863
101	K01E00C-S001-R001-C102-R_out.fits	61101.707672	0.253283	0.005537	1.194598	13863.764796	276.183204
102	K01E00C-S001-R001-C103-R_out.fits	61101.708150	0.257662	0.005550	1.192985	14058.436086	274.996065
103	K01E00C-S001-R001-C104-R_out.fits	61101.708638	0.253075	0.005488	1.191351	13902.236596	274.626455
104	K01E00C-S001-R001-C105-R_out.fits	61101.709116	0.246505	0.005503	1.189768	13431.594993	274.361315
105	K01E00C-S001-R001-C106-R_out.fits	61101.709617	0.252212	0.005525	1.188120	13836.219261	276.700475
106	K01E00C-S001-R001-C107-R_out.fits	61101.710094	0.254251	0.005531	1.186566	13871.293206	274.743846
107	K01E00C-S001-R001-C108-R_out.fits	61101.710594	0.246124	0.005485	1.184954	13498.647024	275.489101
108	K01E00C-S001-R001-C109-R_out.fits	61101.711095	0.255117	0.005465	1.183352	14112.710487	275.172264
109	K01E00C-S001-R001-C110-R_out.fits	61101.711594	0.258520	0.005540	1.181775	14152.324738	275.656790
110	K01E00C-S001-R001-C111-R_out.fits	61101.712102	0.254261	0.005492	1.180184	13961.511676	274.686505
111	K01E00C-S001-R001-C112-R_out.fits	61101.712600	0.245714	0.005447	1.178638	13495.186324	273.998935
112	K01E00C-S001-R001-C113-R_out.fits	61101.713099	0.248422	0.005486	1.177106	13662.647219	276.043232
113	K01E00C-S001-R001-C114-R_out.fits	61101.713576	0.258735	0.005589	1.175653	13985.397713	274.397589
114	K01E00C-S001-R001-C115-R_out.fits	61101.714086	0.249450	0.005431	1.174116	13770.751343	273.812259
115	K01E00C-S001-R001-C116-R_out.fits	61101.714596	0.262897	0.005613	1.172594	14228.021107	275.260987
116	K01E00C-S001-R001-C117-R_out.fits	61101.715094	0.263886	0.005539	1.171121	14496.637186	275.494273
117	K01E00C-S001-R001-C118-R_out.fits	61101.715602	0.255227	0.005510	1.169636	13950.268866	274.107207
118	K01E00C-S001-R001-C119-R_out.fits	61101.716113	0.252971	0.005507	1.168157	13836.790939	274.447710
119	K01E00C-S001-R001-C120-R_out.fits	61101.716613	0.260937	0.005615	1.166723	14070.928232	274.410071
120	K01E00C-S001-R001-C121-R_out.fits	61101.717112	0.244457	0.005378	1.165308	13636.499761	275.019401
121	K01E00C-S001-R001-C122-R_out.fits	61101.717591	0.263228	0.005688	1.163961	14001.091553	273.889189
122	K01E00C-S001-R001-C123-R_out.fits	61101.718090	0.254964	0.005575	1.162574	13753.771743	273.739160
123	K01E00C-S001-R001-C124-R_out.fits	61101.718567	0.257934	0.005612	1.161260	13856.941564	273.894686
124	K01E00C-S001-R001-C125-R_out.fits	61101.719075	0.254276	0.005529	1.159875	13853.431005	274.350708
125	K01E00C-S001-R001-C126-R_out.fits	61101.719555	0.260419	0.005545	1.158581	14208.160288	274.475921
126	K01E00C-S001-R001-C127-R_out.fits	61101.720055	0.253114	0.005570	1.157243	13653.965113	273.829783
127	K01E00C-S001-R001-C128-R_out.fits	61101.720556	0.245412	0.005528	1.155920	13229.024359	272.761945
128	K01E00C-S001-R001-C129-R_out.fits	61101.721033	0.255757	0.005575	1.154671	13765.891588	272.835422
129	K01E00C-S001-R001-C130-R_out.fits	61101.721532	0.256869	0.005539	1.153380	13928.696515	272.942046
130	K01E00C-S001-R001-C131-R_out.fits	61101.722042	0.262684	0.005573	1.152073	14214.135819	273.017350
131	K01E00C-S001-R001-C132-R_out.fits	61101.722550	0.248348	0.005531	1.150785	13516.032179	275.577775
132	K01E00C-S001-R001-C133-R_out.fits	61101.723029	0.255162	0.005495	1.149583	13967.551258	273.828630
133	K01E00C-S001-R001-C134-R_out.fits	61101.723530	0.252894	0.005530	1.148341	13717.367593	273.602776
134	K01E00C-S001-R001-C135-R_out.fits	61101.724007	0.252114	0.005415	1.147169	13923.455888	272.673137
135	K01E00C-S001-R001-C136-R_out.fits	61101.724484	0.258330	0.005504	1.146009	14085.406273	272.557497
136	K01E00C-S001-R001-C137-R_out.fits	61101.724983	0.252517	0.005538	1.144811	13633.594504	272.595451
137	K01E00C-S001-R001-C138-R_out.fits	61101.725468	0.247341	0.005471	1.143656	13434.678643	271.506753
138	K01E00C-S001-R001-C139-R_out.fits	61101.725980	0.254310	0.005474	1.142453	13883.239797	272.036801
139	K01E00C-S001-R001-C140-R_out.fits	61101.726457	0.252474	0.005468	1.141344	13781.162544	272.101231
140	K01E00C-S001-R001-C141-R_out.fits	61101.726936	0.261884	0.005533	1.140241	14258.199659	273.117228
141	K01E00C-S001-R001-C142-R_out.fits	61101.727415	0.257442	0.005497	1.139151	14041.167936	272.587806
142	K01E00C-S001-R001-C143-R_out.fits	61101.727893	0.248649	0.005374	1.138074	13795.805117	272.656537
143	K01E00C-S001-R001-C144-R_out.fits	61101.728371	0.245400	0.005394	1.137011	13476.485600	271.204027
144	K01E00C-S001-R001-C145-R_out.fits	61101.728854	0.256098	0.005572	1.135947	13673.411240	270.386927
145	K01E00C-S001-R001-C146-R_out.fits	61101.729334	0.245829	0.005514	1.134901	13154.021534	270.107059
146	K01E00C-S001-R001-C147-R_out.fits	61101.729814	0.254897	0.005521	1.133868	13740.825514	270.948897
147	K01E00C-S001-R001-C148-R_out.fits	61101.730315	0.259751	0.005538	1.132801	14008.377496	271.042548
148	K01E00C-S001-R001-C149-R_out.fits	61101.730816	0.239101	0.005344	1.131748	13114.303866	269.392957
149	K01E00C-S001-R001-C150-R_out.fits	61101.731314	0.248629	0.005528	1.130712	13347.782722	271.457416
150	K01E00C-S001-R001-C151-R_out.fits	61101.731791	0.240680	0.005356	1.129731	13172.990171	269.119230
151	K01E00C-S001-R001-C152-R_out.fits	61101.732269	0.248019	0.005466	1.128762	13406.685981	270.205028
152	K01E00C-S001-R001-C153-R_out.fits	61101.732746	0.258410	0.005536	1.127805	13880.773621	269.993970
153	K01E00C-S001-R001-C154-R_out.fits	61101.733244	0.242827	0.005361	1.126817	13306.149900	269.616761
154	K01E00C-S001-R001-C155-R_out.fits	61101.733721	0.249674	0.005424	1.125882	13602.623708	269.946040
155	K01E00C-S001-R001-C156-R_out.fits	61101.734201	0.237856	0.005408	1.124954	12802.864750	267.628645
156	K01E00C-S001-R001-C157-R_out.fits	61101.734699	0.241876	0.005382	1.124001	13166.698947	268.785544
157	K01E00C-S001-R001-C158-R_out.fits	61101.735177	0.244057	0.005374	1.123099	13298.755434	268.293047
158	K01E00C-S001-R001-C160-R_out.fits	61101.736185	0.245555	0.005432	1.121232	13272.542224	268.770224
159	K01E00C-S001-R001-C161-R_out.fits	61101.736665	0.240478	0.005347	1.120360	13162.983766	268.797515
160	K01E00C-S001-R001-C162-R_out.fits	61101.737144	0.247046	0.005452	1.119502	13318.990211	268.841406
161	K01E00C-S001-R001-C163-R_out.fits	61101.737644	0.250319	0.005464	1.118617	13528.703594	269.590920
162	K01E00C-S001-R001-C164-R_out.fits	61101.738120	0.239356	0.005450	1.117784	12845.769716	268.831705
163	K01E00C-S001-R001-C165-R_out.fits	61101.738597	0.243287	0.005406	1.116962	13190.019490	268.793986
164	K01E00C-S001-R001-C166-R_out.fits	61101.739078	0.241692	0.005475	1.116144	12868.935136	267.509744
165	K01E00C-S001-R001-C167-R_out.fits	61101.739567	0.244634	0.005399	1.115323	13266.382020	268.204735
166	K01E00C-S001-R001-C168-R_out.fits	61101.740045	0.237081	0.005376	1.114531	12784.768594	266.658363
167	K01E00C-S001-R001-C169-R_out.fits	61101.740558	0.243478	0.005402	1.113693	13194.463841	268.514693
168	K01E00C-S001-R001-C170-R_out.fits	61101.741035	0.246756	0.005427	1.112926	13350.839337	268.736794
169	K01E00C-S001-R001-C171-R_out.fits	61101.741516	0.239800	0.005411	1.112162	12966.716562	268.830624
170	K01E00C-S001-R001-C172-R_out.fits	61101.741994	0.246955	0.005427	1.111413	13384.759250	269.169586
171	K01E00C-S001-R001-C173-R_out.fits	61101.742473	0.245098	0.005417	1.110674	13256.173936	268.274063
172	K01E00C-S001-R001-C174-R_out.fits	61101.742951	0.236543	0.005305	1.109946	13006.106126	268.676409
173	K01E00C-S001-R001-C175-R_out.fits	61101.743428	0.241474	0.005377	1.109229	13135.394261	268.543235
174	K01E00C-S001-R001-C176-R_out.fits	61101.743912	0.240179	0.005366	1.108514	13110.364073	269.383069
175	K01E00C-S001-R001-C177-R_out.fits	61101.744390	0.246447	0.005366	1.107819	13512.063894	269.281228
176	K01E00C-S001-R001-C178-R_out.fits	61101.744867	0.242638	0.005333	1.107134	13320.531920	268.576890
177	K01E00C-S001-R001-C179-R_out.fits	61101.745366	0.246278	0.005446	1.106429	13274.049132	268.643542
178	K01E00C-S001-R001-C180-R_out.fits	61101.745866	0.240120	0.005385	1.105734	12998.660695	267.856135
179	K01E00C-S001-R001-C181-R_out.fits	61101.746344	0.245604	0.005425	1.105081	13286.848199	268.830729
180	K01E00C-S001-R001-C182-R_out.fits	61101.746853	0.241884	0.005372	1.104394	13185.360385	268.841719
181	K01E00C-S001-R001-C183-R_out.fits	61101.747331	0.244973	0.005393	1.103762	13352.033946	269.334721
182	K01E00C-S001-R001-C184-R_out.fits	61101.747808	0.245817	0.005433	1.103140	13301.399733	269.297969
183	K01E00C-S001-R001-C185-R_out.fits	61101.748307	0.244650	0.005362	1.102502	13443.355198	270.113455
184	K01E00C-S001-R001-C186-R_out.fits	61101.748786	0.244221	0.005467	1.101899	13134.581426	269.500947
185	K01E00C-S001-R001-C187-R_out.fits	61101.749263	0.242604	0.005504	1.101307	12972.556372	270.022882
186	K01E00C-S001-R001-C188-R_out.fits	61101.749761	0.237084	0.005380	1.100701	12847.264713	268.349112
187	K01E00C-S001-R001-C189-R_out.fits	61101.750270	0.240445	0.005411	1.100094	13052.613964	270.063520
188	K01E00C-S001-R001-C190-R_out.fits	61101.750768	0.248072	0.005525	1.099509	13259.317982	270.064432
189	K01E00C-S001-R001-C191-R_out.fits	61101.751267	0.255966	0.005568	1.098935	13649.282389	270.243898
190	K01E00C-S001-R001-C192-R_out.fits	61101.751744	0.248564	0.005462	1.098396	13511.379728	271.555043
191	K01E00C-S001-R001-C193-R_out.fits	61101.752243	0.257685	0.005553	1.097844	13860.763466	271.581200
192	K01E00C-S001-R001-C194-R_out.fits	61101.752720	0.239100	0.005410	1.097325	12980.150618	269.911383
193	K01E00C-S001-R001-C195-R_out.fits	61101.753219	0.256154	0.005593	1.096793	13661.217193	271.561618
194	K01E00C-S001-R001-C196-R_out.fits	61101.753700	0.250141	0.005478	1.096290	13592.475064	272.179337
195	K01E00C-S001-R001-C197-R_out.fits	61101.754199	0.256672	0.005571	1.095780	13804.334159	272.892713
196	K01E00C-S001-R001-C198-R_out.fits	61101.754697	0.259385	0.005665	1.095280	13637.875151	270.704785
197	K01E00C-S001-R001-C199-R_out.fits	61101.755183	0.262934	0.005614	1.094804	14078.594171	272.798298
198	K01E00C-S001-R001-C200-R_out.fits	61101.755661	0.264843	0.005612	1.094344	14229.296561	273.247025
199	K01E00C-S001-R001-C204-R_out.fits	61101.757636	0.263263	0.005631	1.092551	14096.360955	273.485923
200	K01E00C-S001-R001-C205-R_out.fits	61101.758134	0.259160	0.005610	1.092125	13905.336477	273.887361
201	K01E00C-S001-R001-C206-R_out.fits	61101.758642	0.257804	0.005553	1.091702	13880.975436	272.047232
202	K01E00C-S001-R001-C207-R_out.fits	61101.759119	0.265792	0.005735	1.091313	13909.405443	271.678177
203	K01E00C-S001-R001-C208-R_out.fits	61101.759618	0.258111	0.005623	1.090918	13721.642340	271.848752
204	K01E00C-S001-R001-C209-R_out.fits	61101.760128	0.259360	0.005654	1.090524	13753.785188	272.646346
205	K01E00C-S001-R001-C210-R_out.fits	61101.760609	0.264627	0.005641	1.090163	14059.865900	271.365117
206	K01E00C-S001-R001-C211-R_out.fits	61101.761087	0.255743	0.005603	1.089814	13631.725531	272.274877
207	K01E00C-S001-R001-C212-R_out.fits	61101.761585	0.262395	0.005684	1.089460	13891.159986	273.120742
208	K01E00C-S001-R001-C213-R_out.fits	61101.762095	0.244654	0.005474	1.089108	13220.490948	271.325971
209	K01E00C-S001-R001-C214-R_out.fits	61101.762605	0.256428	0.005583	1.088768	13714.394999	272.057195
210	K01E00C-S001-R001-C215-R_out.fits	61101.763103	0.259332	0.005622	1.088445	13801.365671	271.949579
211	K01E00C-S001-R001-C216-R_out.fits	61101.763583	0.257960	0.005569	1.088145	13866.209279	272.353514
212	K01E00C-S001-R001-C217-R_out.fits	61101.764061	0.266869	0.005661	1.087855	14174.439452	271.918892
213	K01E00C-S001-R001-C218-R_out.fits	61101.764559	0.257520	0.005631	1.087563	13686.240447	272.525972
214	K01E00C-S001-R001-C219-R_out.fits	61101.765057	0.251057	0.005537	1.087281	13463.024278	271.136889
215	K01E00C-S001-R001-C220-R_out.fits	61101.765569	0.257433	0.005534	1.087002	14014.041072	274.720812
216	K01E00C-S001-R001-C221-R_out.fits	61101.766047	0.268354	0.005648	1.086752	14344.847704	272.696750
217	K01E00C-S001-R001-C222-R_out.fits	61101.766545	0.258511	0.005564	1.086500	13927.307022	272.802757
218	K01E00C-S001-R001-C223-R_out.fits	61101.767027	0.260420	0.005536	1.086267	14063.205047	271.511115
219	K01E00C-S001-R001-C224-R_out.fits	61101.767507	0.275958	0.005742	1.086045	14670.957248	274.887741
220	K01E00C-S001-R001-C225-R_out.fits	61101.767984	0.265884	0.005662	1.085832	14218.300681	274.455086
221	K01E00C-S001-R001-C226-R_out.fits	61101.768462	0.269368	0.005688	1.085629	14300.156331	272.881012
222	K01E00C-S001-R001-C227-R_out.fits	61101.768964	0.264873	0.005649	1.085427	14076.869220	272.042308
223	K01E00C-S001-R001-C228-R_out.fits	61101.769442	0.261216	0.005676	1.085243	13841.536482	273.185401
224	K01E00C-S001-R001-C229-R_out.fits	61101.769940	0.258998	0.005619	1.085061	13758.403613	271.389715
225	K01E00C-S001-R001-C230-R_out.fits	61101.770449	0.252206	0.005581	1.084886	13429.019329	271.296620
226	K01E00C-S001-R001-C231-R_out.fits	61101.770928	0.259543	0.005641	1.084731	13783.608853	272.506826
227	K01E00C-S001-R001-C232-R_out.fits	61101.771426	0.257126	0.005571	1.084580	13735.115597	270.896180
228	K01E00C-S001-R001-C233-R_out.fits	61101.771903	0.265851	0.005607	1.084445	14236.233229	271.813283
229	K01E00C-S001-R001-C234-R_out.fits	61101.772380	0.255772	0.005667	1.084319	13411.712758	270.823662
230	K01E00C-S001-R001-C235-R_out.fits	61101.772879	0.259494	0.005707	1.084197	13611.872383	272.371437
231	K01E00C-S001-R001-C236-R_out.fits	61101.773358	0.265624	0.005731	1.084090	13889.964209	271.254057
232	K01E00C-S001-R001-C237-R_out.fits	61101.773858	0.257686	0.005655	1.083987	13601.511634	271.713373
233	K01E00C-S001-R001-C238-R_out.fits	61101.774337	0.254978	0.005719	1.083899	13307.708544	272.327556
234	K01E00C-S001-R001-C239-R_out.fits	61101.774816	0.257942	0.005667	1.083820	13566.695282	271.242618
235	K01E00C-S001-R001-C240-R_out.fits	61101.775322	0.258237	0.005638	1.083747	13669.992890	271.545178
236	K01E00C-S001-R001-C241-R_out.fits	61101.775799	0.253032	0.005657	1.083688	13299.197338	271.527306
237	K01E00C-S001-R001-C242-R_out.fits	61101.776276	0.262843	0.005629	1.083638	13970.560773	271.423135
238	K01E00C-S001-R001-C243-R_out.fits	61101.776754	0.260525	0.005604	1.083597	13903.866898	271.751798
239	K01E00C-S001-R001-C244-R_out.fits	61101.777230	0.264533	0.005677	1.083565	13945.283780	271.258778
240	K01E00C-S001-R001-C245-R_out.fits	61101.777729	0.263549	0.005697	1.083542	13842.871909	271.266070
