61099.758157 -0.035919 0.013660
61099.758157 -0.035919 0.013660
61099.758649 -0.016106 0.013924
61099.758649 -0.016106 0.013924
61099.759147 -0.051683 0.013493
61099.759147 -0.051683 0.013493
61099.759626 -0.028471 0.013661
61099.759626 -0.028471 0.013661
61099.760125 -0.057681 0.013377
61099.760125 -0.057681 0.013377
61099.760627 -0.057028 0.013387
61099.760627 -0.057028 0.013387
61099.761103 -0.063835 0.013324
61099.761103 -0.063835 0.013324
61099.761602 -0.047247 0.013413
61099.761602 -0.047247 0.013413
61099.762107 -0.026850 0.013684
61099.762107 -0.026850 0.013684
61099.762607 -0.033832 0.013543
61099.762607 -0.033832 0.013543
61099.763107 -0.028054 0.013612
61099.763107 -0.028054 0.013612
61099.763605 -0.012584 0.013778
61099.763605 -0.012584 0.013778
61099.764104 -0.032536 0.013514
61099.764104 -0.032536 0.013514
61099.764604 -0.016001 0.013699
61099.764604 -0.016001 0.013699
61099.765102 -0.052119 0.013365
61099.765102 -0.052119 0.013365
61099.765612 -0.030144 0.013504
61099.765612 -0.030144 0.013504
61099.766112 -0.021377 0.013587
61099.766112 -0.021377 0.013587
61099.766609 -0.015430 0.013623
61099.766609 -0.015430 0.013623
61099.767108 -0.039608 0.013386
61099.767108 -0.039608 0.013386
61099.767586 -0.040845 0.013305
61099.767586 -0.040845 0.013305
61099.768062 -0.040365 0.013371
61099.768062 -0.040365 0.013371
61099.768546 -0.029978 0.013539
61099.768546 -0.029978 0.013539
61099.769052 -0.033669 0.013466
61099.769052 -0.033669 0.013466
61099.769552 -0.032698 0.013486
61099.769552 -0.032698 0.013486
61099.770039 -0.045095 0.013352
61099.770039 -0.045095 0.013352
61099.770538 -0.062762 0.013176
61099.770538 -0.062762 0.013176
61099.771048 -0.015581 0.013577
61099.771048 -0.015581 0.013577
61099.771549 -0.024414 0.013472
61099.771549 -0.024414 0.013472
61099.772027 -0.029384 0.013420
61099.772027 -0.029384 0.013420
61099.772534 -0.056173 0.013130
61099.772534 -0.056173 0.013130
61099.773097 -0.038869 0.013349
61099.773097 -0.038869 0.013349
61099.773617 -0.007602 0.013785
61099.773617 -0.007602 0.013785
61099.774164 -0.026914 0.013442
61099.774164 -0.026914 0.013442
61099.774664 -0.026413 0.013604
61099.774664 -0.026413 0.013604
61099.775143 -0.026250 0.013414
61099.775143 -0.026250 0.013414
61099.775641 -0.045679 0.013232
61099.775641 -0.045679 0.013232
61099.776118 -0.011307 0.013536
61099.776118 -0.011307 0.013536
61099.776599 -0.055432 0.013038
61099.776599 -0.055432 0.013038
61099.777097 -0.050668 0.013181
61099.777097 -0.050668 0.013181
61099.777596 -0.048065 0.013199
61099.777596 -0.048065 0.013199
61099.778105 -0.053662 0.013073
61099.778105 -0.053662 0.013073
61099.778603 -0.046317 0.013200
61099.778603 -0.046317 0.013200
61099.779082 -0.039941 0.013223
61099.779082 -0.039941 0.013223
61099.779558 -0.060399 0.013006
61099.779558 -0.060399 0.013006
61099.780056 -0.058353 0.012993
61099.780056 -0.058353 0.012993
61099.780555 -0.041257 0.013088
61099.780555 -0.041257 0.013088
61099.781055 -0.033944 0.013229
61099.781055 -0.033944 0.013229
61099.781564 -0.048996 0.013103
61099.781564 -0.048996 0.013103
61099.782063 -0.063311 0.012891
61099.782063 -0.063311 0.012891
61099.782562 -0.054903 0.012973
61099.782562 -0.054903 0.012973
61099.783038 -0.033622 0.013210
61099.783038 -0.033622 0.013210
61099.783542 -0.037692 0.013113
61099.783542 -0.037692 0.013113
61099.784021 -0.051444 0.012997
61099.784021 -0.051444 0.012997
61099.784519 -0.079583 0.012649
61099.784519 -0.079583 0.012649
61099.785026 -0.022430 0.013173
61099.785026 -0.022430 0.013173
61099.785540 -0.076208 0.012616
61099.785540 -0.076208 0.012616
61099.786038 -0.039611 0.012975
61099.786038 -0.039611 0.012975
61099.786513 -0.064024 0.012682
61099.786513 -0.064024 0.012682
61099.787029 -0.059193 0.012720
61099.787029 -0.059193 0.012720
61099.787506 -0.046364 0.012893
61099.787506 -0.046364 0.012893
61099.787981 -0.063963 0.012705
61099.787981 -0.063963 0.012705
61099.788490 -0.014577 0.013131
61099.788490 -0.014577 0.013131
61099.788967 -0.060777 0.012736
61099.788967 -0.060777 0.012736
61099.789466 -0.058991 0.012677
61099.789466 -0.058991 0.012677
61099.789943 -0.043383 0.012773
61099.789943 -0.043383 0.012773
61099.790453 -0.049055 0.012667
61099.790453 -0.049055 0.012667
61099.790930 -0.030715 0.012860
61099.790930 -0.030715 0.012860
61099.791407 -0.046492 0.012677
61099.791407 -0.046492 0.012677
61099.791892 -0.012127 0.013026
61099.791892 -0.012127 0.013026
61099.792369 -0.014941 0.012994
61099.792369 -0.014941 0.012994
61099.792867 -0.045174 0.012689
61099.792867 -0.045174 0.012689
61099.793387 -0.026672 0.012818
61099.793387 -0.026672 0.012818
61099.793886 -0.020638 0.012839
61099.793886 -0.020638 0.012839
61099.794363 0.016644 0.013224
61099.794363 0.016644 0.013224
61099.794842 -0.012837 0.012866
61099.794842 -0.012837 0.012866
61099.795320 0.002652 0.012954
61099.795320 0.002652 0.012954
61099.795797 -0.007028 0.012846
61099.795797 -0.007028 0.012846
61099.796273 0.006753 0.012933
61099.796273 0.006753 0.012933
61099.799340 0.065848 0.013164
61099.799824 0.066241 0.013163
61099.800346 0.060138 0.013008
61099.800822 0.053211 0.012951
61099.801320 0.056479 0.012961
61099.801821 0.053459 0.012890
61099.802300 0.067413 0.013034
61099.802800 0.076429 0.013059
61099.803277 0.084635 0.013075
61099.803788 0.083941 0.013005
61099.804293 0.067707 0.012838
61099.804773 0.085833 0.012975
61099.805273 0.103450 0.013116
61099.805767 0.058654 0.012725
61099.806243 0.080971 0.012852
61099.806723 0.058191 0.012591
61099.807234 0.065263 0.012587
61099.807733 0.057394 0.012477
61099.808212 0.047594 0.012322
61099.808720 0.036504 0.012233
61099.809200 0.044114 0.012329
61099.809679 0.056987 0.012347
61099.810155 0.031236 0.012089
61099.810635 0.049031 0.012202
61099.811114 0.030827 0.012000
61099.811593 0.019812 0.011917
61099.812103 0.007101 0.011760
61099.812580 0.002812 0.011688
61099.813057 0.023671 0.011839
61099.813559 -0.011671 0.011579
61099.814057 -0.040691 0.011287
61099.814556 -0.033449 0.011332
61099.815033 0.013264 0.011708
61099.815544 -0.005563 0.011546
61099.816045 0.011728 0.011678
61099.816543 -0.025172 0.011387
61099.817029 -0.016131 0.011449
61099.817527 -0.021851 0.011410
61099.818027 -0.009737 0.011536
61099.818514 -0.011334 0.011504
61099.819020 -0.032658 0.011285
61099.819499 -0.006287 0.011457
61099.819977 -0.016728 0.011387
61099.820476 -0.021800 0.011271
61099.820953 -0.014587 0.011297
61099.821451 -0.011430 0.011312
61099.821927 -0.001046 0.011414
61099.822431 -0.020344 0.011277
61099.822909 -0.012691 0.011316
61099.823386 -0.029663 0.011197
61099.823894 -0.021326 0.011228
61099.824392 -0.020133 0.011225
61099.824890 -0.020536 0.011252
61099.825367 -0.021660 0.011237
61099.825865 -0.036677 0.011180
61099.826363 -0.026639 0.011200
61099.826862 -0.031612 0.011203
61099.827367 -0.015278 0.011278
61099.827866 -0.021240 0.011269
61099.828344 -0.027354 0.011223
61099.828845 -0.026019 0.011258
61099.829323 -0.006117 0.011432
61099.829323 -0.006117 0.011432
61099.829806 -0.035167 0.011161
61099.829806 -0.035167 0.011161
61099.830288 -0.014505 0.011334
61099.830288 -0.014505 0.011334
61099.830766 -0.025804 0.011286
61099.830766 -0.025804 0.011286
61099.831242 -0.022016 0.011278
61099.831242 -0.022016 0.011278
61099.831740 -0.031071 0.011224
61099.831740 -0.031071 0.011224
61099.832261 -0.009026 0.011435
61099.832261 -0.009026 0.011435
61099.832742 -0.019748 0.011345
61099.832742 -0.019748 0.011345
61099.833240 0.002612 0.011538
61099.833240 0.002612 0.011538
61099.833742 0.007328 0.011510
61099.833742 0.007328 0.011510
61099.834236 -0.037056 0.011222
61099.834236 -0.037056 0.011222
61099.834736 -0.012667 0.011442
61099.834736 -0.012667 0.011442
61099.835236 0.008064 0.011550
61099.835236 0.008064 0.011550
61099.835746 0.020907 0.011624
61099.835746 0.020907 0.011624
61099.836244 0.035163 0.011771
61099.836244 0.035163 0.011771
61099.836743 0.026978 0.011681
61099.836743 0.026978 0.011681
61099.837232 -0.014954 0.011381
61099.837232 -0.014954 0.011381
61099.837710 0.028387 0.011756
61099.837710 0.028387 0.011756
61099.838208 0.001398 0.011533
61099.838208 0.001398 0.011533
61099.838707 0.000643 0.011502
61099.838707 0.000643 0.011502
61099.839215 -0.004350 0.011442
61099.839215 -0.004350 0.011442
61099.839712 0.015112 0.011633
61099.839712 0.015112 0.011633
61099.840211 0.005312 0.011613
61099.840211 0.005312 0.011613
61099.840709 0.005965 0.011613
61099.840709 0.005965 0.011613
61099.841187 0.032065 0.011870
61099.841187 0.032065 0.011870
61099.841684 -0.030458 0.011383
61099.842160 -0.053710 0.011228
61099.842671 -0.003187 0.011568
61099.842671 -0.003187 0.011568
61099.843169 0.031395 0.011841
61099.843169 0.031395 0.011841
61099.843668 0.026093 0.011765
61099.843668 0.026093 0.011765
61099.844155 0.009027 0.011574
61099.844155 0.009027 0.011574
61099.844634 0.009865 0.011608
61099.844634 0.009865 0.011608
61099.845133 0.023968 0.011703
61099.845133 0.023968 0.011703
61099.845610 0.032537 0.011769
61099.845610 0.032537 0.011769
61099.846119 0.035869 0.011801
61099.846119 0.035869 0.011801
61099.846596 0.020975 0.011692
61099.846596 0.020975 0.011692
61099.847094 0.035412 0.011832
61099.847094 0.035412 0.011832
61099.847593 0.042468 0.011853
61099.847593 0.042468 0.011853
61099.848070 0.062859 0.012000
61099.848070 0.062859 0.012000
61099.848570 0.076170 0.012167
61099.848570 0.076170 0.012167
61099.849068 0.038306 0.011808
61099.849068 0.038306 0.011808
61099.849576 0.051404 0.011916
61099.849576 0.051404 0.011916
61099.850075 0.087344 0.012274
61099.850075 0.087344 0.012274
61099.850557 0.080424 0.012195
61099.851037 0.035623 0.011876
61099.851037 0.035623 0.011876
61099.851550 0.059779 0.012050
61099.851550 0.059779 0.012050
61099.852049 0.051360 0.011947
61099.852049 0.051360 0.011947
61099.852528 0.064974 0.012082
61099.852528 0.064974 0.012082
61099.853051 0.054258 0.012042
61099.853051 0.054258 0.012042
61099.853530 0.064643 0.012114
61099.853530 0.064643 0.012114
61099.854008 0.063503 0.012049
61099.854008 0.063503 0.012049
61099.854490 0.085510 0.012218
61099.854490 0.085510 0.012218
61099.854970 0.061113 0.012007
61099.854970 0.061113 0.012007
61099.855447 0.053061 0.011913
61099.855447 0.053061 0.011913
61099.855927 0.062281 0.012021
61099.855927 0.062281 0.012021
61099.856427 0.063100 0.012037
61099.856427 0.063100 0.012037
61099.856925 0.063819 0.012000
61099.856925 0.063819 0.012000
61099.857404 0.061659 0.011970
61099.857404 0.061659 0.011970
61099.857912 0.061511 0.011962
61099.857912 0.061511 0.011962
61099.858392 0.069817 0.012054
61099.858392 0.069817 0.012054
61099.858874 0.086330 0.012176
61099.858874 0.086330 0.012176
61099.859354 0.064749 0.012016
61099.859354 0.064749 0.012016
61099.859832 0.070918 0.012044
61099.859832 0.070918 0.012044
61099.860314 0.055885 0.011916
61099.860314 0.055885 0.011916
61099.860792 0.063050 0.012001
61099.860792 0.063050 0.012001
61099.861276 0.066692 0.012019
61099.861276 0.066692 0.012019
61099.861754 0.031180 0.011715
61099.861754 0.031180 0.011715
61099.862231 0.052953 0.011874
61099.862231 0.052953 0.011874
61099.862712 0.046820 0.011849
61099.862712 0.046820 0.011849
61099.863196 0.034350 0.011716
61099.863196 0.034350 0.011716
61099.863675 0.049436 0.011882
61099.863675 0.049436 0.011882
61099.864183 0.025967 0.011730
61099.864183 0.025967 0.011730
61099.864663 0.037717 0.011793
61099.864663 0.037717 0.011793
61099.865144 0.019092 0.011625
61099.865144 0.019092 0.011625
61099.865625 0.035920 0.011747
61099.865625 0.035920 0.011747
61099.866103 0.008986 0.011526
61099.866103 0.008986 0.011526
61099.866583 0.030226 0.011673
61099.866583 0.030226 0.011673
61099.867063 0.020636 0.011601
61099.867063 0.020636 0.011601
61099.867542 0.011140 0.011553
61099.867542 0.011140 0.011553
61099.868054 0.005222 0.011452
61099.868054 0.005222 0.011452
61099.868532 -0.003369 0.011386
61099.868532 -0.003369 0.011386
61099.869043 0.011920 0.011495
61099.869043 0.011920 0.011495
61099.869553 -0.007697 0.011336
61099.869553 -0.007697 0.011336
61099.870040 0.008728 0.011485
61099.870040 0.008728 0.011485
61099.870804 0.004045 0.011425
61099.870804 0.004045 0.011425
61099.871350 0.014342 0.011504
61099.871350 0.014342 0.011504
61099.871896 0.003587 0.011400
61099.871896 0.003587 0.011400
61099.872450 -0.002026 0.011364
61099.872450 -0.002026 0.011364
61099.872935 0.007426 0.011431
61099.872935 0.007426 0.011431
61099.873423 0.017651 0.011533
61099.873423 0.017651 0.011533
61099.874480 -0.002542 0.011424
61099.874480 -0.002542 0.011424
61099.874997 0.022852 0.011595
61099.874997 0.022852 0.011595
61099.875554 0.004937 0.011469
61099.875554 0.004937 0.011469
61099.876035 0.015909 0.011494
61099.876035 0.015909 0.011494
61099.876514 -0.002443 0.011348
61099.876514 -0.002443 0.011348
61099.876991 -0.031260 0.011131
61099.876991 -0.031260 0.011131
61099.877468 -0.003927 0.011366
61099.877468 -0.003927 0.011366
61099.877948 -0.008174 0.011310
61099.877948 -0.008174 0.011310
61099.878428 0.020686 0.011580
61099.878428 0.020686 0.011580
61099.878906 0.004560 0.011450
61099.878906 0.004560 0.011450
61099.879397 0.012804 0.011527
61099.879397 0.012804 0.011527
61099.879874 0.008457 0.011516
61099.879874 0.008457 0.011516
61099.880352 -0.018793 0.011324
61099.880352 -0.018793 0.011324
61099.880838 0.003015 0.011484
61099.880838 0.003015 0.011484
61099.881317 0.019031 0.011588
61099.881317 0.019031 0.011588
61099.881815 0.002060 0.011441
61099.881815 0.002060 0.011441
61099.882326 0.005913 0.011451
61099.882326 0.005913 0.011451
61099.882803 -0.016128 0.011233
61099.882803 -0.016128 0.011233
61099.883280 0.027487 0.011545
61099.883280 0.027487 0.011545
61099.883758 0.019961 0.011503
61099.883758 0.019961 0.011503
61099.884690 -0.025975 0.011159
61099.885190 0.019486 0.011563
61099.885698 -0.014740 0.011296
61099.886198 0.005415 0.011454
61099.886696 0.020358 0.011577
61099.887173 -0.006731 0.011411
61099.887648 -0.011277 0.011336
61099.888126 -0.010644 0.011344
61099.888603 0.006812 0.011486
61099.889096 -0.008822 0.011382
61099.889572 -0.019687 0.011310
61099.890071 0.007444 0.011539
61099.890559 0.009278 0.011597
61099.891059 0.016903 0.011694
61099.891537 0.014257 0.011712
61099.892046 0.002852 0.011689
61099.892547 0.012527 0.011843
61099.893023 -0.020337 0.011592
61099.893500 -0.002672 0.011782
61099.893978 -0.004719 0.011790
61099.894477 -0.012359 0.011817
61099.894986 0.016571 0.012131
61099.895464 0.014137 0.012174
61099.895939 -0.014752 0.012054
61099.896417 0.001297 0.012334
61099.896917 -0.002817 0.012444
61099.897415 0.006680 0.012753
61099.897892 -0.018269 0.012641
61099.898372 -0.030809 0.012730
61099.898853 -0.035737 0.012868
61099.899353 -0.044576 0.013101
61100.719802 -0.016436 0.016917
61100.720313 -0.052487 0.016381
61100.720812 -0.046841 0.016441
61100.721314 -0.041585 0.016530
61100.721822 -0.025118 0.016775
61100.722320 -0.031705 0.016661
61100.722834 -0.049653 0.016424
61100.723334 -0.036540 0.016682
61100.723819 -0.062211 0.016226
61100.724345 -0.062639 0.016250
61100.724822 -0.055427 0.016318
61100.725307 -0.066968 0.016174
61100.725795 -0.055981 0.016306
61100.726295 -0.064401 0.016239
61100.726777 -0.038574 0.016560
61100.727257 -0.044351 0.016531
61100.727737 -0.048027 0.016389
61100.728214 -0.035103 0.016559
61100.728706 -0.075369 0.016038
61100.729185 -0.060563 0.016211
61100.729685 -0.057645 0.016229
61100.730169 -0.060274 0.016232
61100.730667 -0.060308 0.016169
61100.731167 -0.055864 0.016228
61100.731646 -0.057370 0.016207
61100.732123 -0.040674 0.016413
61100.732623 -0.041471 0.016382
61100.733100 -0.040114 0.016439
61100.733609 -0.034288 0.016490
61100.734090 -0.003163 0.016876
61100.734574 -0.017056 0.016654
61100.735052 -0.033731 0.016555
61100.735536 -0.028267 0.016575
61100.736016 0.010514 0.017038
61100.736498 -0.013972 0.016721
61100.736976 -0.005892 0.016794
61100.737458 -0.033188 0.016428
61100.737957 0.019253 0.017095
61100.738465 0.011759 0.017071
61100.738943 0.008417 0.016969
61100.739423 0.044132 0.017440
61100.739921 0.057301 0.017635
61100.740419 0.046317 0.017418
61100.740918 0.005733 0.016875
61100.741396 0.060529 0.017604
61100.741877 0.057547 0.017511
61100.742377 0.045076 0.017340
61100.742854 0.043778 0.017405
61100.743360 0.049290 0.017387
61100.744909 0.031648 0.017177
61100.745419 0.054137 0.017422
61100.745898 0.041539 0.017254
61100.746398 0.038760 0.017271
61100.746900 0.054185 0.017429
61100.747378 0.050334 0.017424
61100.747855 0.014773 0.016950
61100.748356 0.020864 0.017024
61100.748836 0.061947 0.017448
61100.749314 0.031516 0.017033
61100.749794 0.052972 0.017349
61100.750301 0.028232 0.016997
61100.750778 0.016525 0.016886
61100.751256 0.039972 0.017222
61100.751742 0.024265 0.016868
61100.752219 -0.007918 0.016528
61100.752699 0.027593 0.017017
61100.753180 -0.001213 0.016583
61100.753663 -0.011967 0.016435
61100.754144 0.003827 0.016582
61100.754627 0.012149 0.016760
61100.755140 -0.025594 0.016255
61100.755619 -0.000718 0.016556
61100.756100 -0.014028 0.016419
61100.756590 -0.054298 0.015918
61100.757071 0.001013 0.016549
61100.757552 -0.009233 0.016501
61100.758030 -0.014981 0.016363
61100.758507 -0.022928 0.016236
61100.758986 -0.011044 0.016418
61100.759464 -0.035553 0.016063
61100.759980 -0.009351 0.016428
61100.760480 0.026043 0.016982
61100.760956 -0.014048 0.016344
61100.761437 -0.031776 0.016095
61100.761916 -0.019733 0.016220
61100.762395 -0.013703 0.016325
61100.762873 -0.018133 0.016267
61100.763352 -0.028905 0.016104
61100.763829 -0.010446 0.016394
61100.764311 -0.015159 0.016324
61100.764805 -0.003269 0.016487
61100.765283 -0.021690 0.016277
61100.765760 -0.024695 0.016135
61100.766270 -0.026814 0.016185
61100.766747 -0.014849 0.016277
61100.767226 -0.034668 0.016069
61100.767709 -0.022137 0.016248
61100.768188 -0.018229 0.016306
61100.768666 -0.016965 0.016304
61100.769145 0.002244 0.016565
61100.769623 0.000213 0.016485
61100.770103 -0.032738 0.016069
61100.770580 -0.068046 0.015616
61100.771082 -0.043819 0.015964
61100.772544 -0.068575 0.015586
61100.773023 -0.022727 0.016189
61100.773501 -0.024136 0.016175
61100.773980 -0.018023 0.016197
61100.774463 -0.054746 0.015746
61100.774941 -0.010581 0.016327
61100.775420 -0.010271 0.016355
61100.775904 -0.010534 0.016363
61100.776382 -0.016810 0.016204
61100.776859 -0.006969 0.016297
61100.777369 -0.027157 0.016032
61100.777847 -0.019607 0.016181
61100.778356 -0.020126 0.016200
61100.778834 -0.001193 0.016486
61100.779313 -0.021808 0.016118
61100.779801 -0.013904 0.016272
61100.780279 -0.043628 0.015837
61100.780764 -0.017465 0.016270
61100.781240 -0.009612 0.016269
61100.781718 -0.037221 0.015915
61100.782227 0.008309 0.016528
61100.782704 0.000699 0.016444
61100.783182 -0.001090 0.016386
61100.783662 -0.008514 0.016382
61100.784140 -0.022076 0.016059
61100.784621 -0.028264 0.016000
61100.785099 0.005676 0.016461
61100.785576 0.013002 0.016625
61100.786055 -0.049113 0.015859
61100.786533 -0.060626 0.015555
61100.789497 0.060495 0.016929
61100.789981 0.036658 0.016543
61100.790487 0.068271 0.016996
61100.790964 0.026842 0.016405
61100.791443 0.056478 0.016772
61100.791953 0.059839 0.016786
61100.792430 0.056087 0.016781
61100.792908 0.039104 0.016546
61100.793388 0.058490 0.016787
61100.793864 0.061585 0.016822
61100.794341 0.045639 0.016664
61100.794820 0.035077 0.016448
61100.795299 0.086524 0.017162
61100.795778 0.075395 0.016990
61100.796255 0.069784 0.016959
61100.796739 0.045906 0.016605
61100.797217 0.075431 0.017013
61100.797694 0.048221 0.016585
61100.798204 0.066013 0.016885
61100.798681 0.076845 0.017034
61100.799164 0.047341 0.016677
61100.799642 0.057808 0.016734
61100.800119 0.041940 0.016468
61100.800618 0.062581 0.016805
61100.801095 0.050883 0.016555
61100.801573 0.055945 0.016637
61100.802050 0.078108 0.017058
61100.802528 0.024067 0.016225
61100.803010 0.066682 0.016800
61100.803489 0.067112 0.016781
61100.803968 0.026838 0.016302
61100.804478 0.053605 0.016631
61100.804955 0.007838 0.016063
61100.805433 0.055217 0.016591
61100.805910 0.048457 0.016533
61100.806387 0.017309 0.016136
61100.806891 0.023868 0.016174
61100.807371 0.062225 0.016707
61100.807851 0.023094 0.016177
61100.808330 0.011501 0.016027
61100.808810 0.011555 0.015987
61100.809331 0.012643 0.016077
61100.809816 0.011584 0.016146
61100.810294 0.009247 0.016001
61100.810776 0.019551 0.016089
61100.811254 0.021850 0.016119
61100.811731 0.003529 0.015896
61100.812209 0.007216 0.015947
61100.812688 -0.024958 0.015553
61100.813173 -0.028560 0.015510
61100.813654 0.003570 0.015880
61100.814148 -0.036690 0.015384
61100.815590 -0.069199 0.015137
61100.816073 -0.019073 0.015651
61100.816551 -0.012683 0.015611
61100.817031 -0.011011 0.015588
61100.817508 -0.044920 0.015194
61100.817988 -0.001632 0.015702
61100.818465 -0.034054 0.015325
61100.818941 -0.011431 0.015524
61100.819423 -0.022374 0.015462
61100.819902 -0.026855 0.015327
61100.820415 -0.016279 0.015504
61100.820899 -0.014811 0.015502
61100.821380 -0.037769 0.015187
61100.821865 -0.014885 0.015515
61100.822347 -0.023832 0.015347
61100.822826 -0.023206 0.015289
61100.823306 -0.036943 0.015158
61100.823788 -0.008666 0.015466
61100.824270 -0.019553 0.015429
61100.824748 -0.019901 0.015321
61100.825235 -0.006874 0.015429
61100.825723 -0.014994 0.015367
61100.826202 -0.005752 0.015474
61100.826713 -0.003613 0.015427
61100.827192 -0.027227 0.015161
61100.827672 0.008594 0.015524
61100.828151 -0.026063 0.015088
61100.828632 -0.012758 0.015267
61100.829112 -0.035418 0.014945
61100.829598 -0.032302 0.015026
61100.830092 -0.018174 0.015143
61100.830572 -0.044018 0.014809
61100.831050 -0.044887 0.014810
61100.831573 -0.033137 0.014947
61100.832052 -0.033678 0.014871
61100.832531 -0.019400 0.014938
61100.833012 0.001494 0.015173
61100.833489 -0.000933 0.015124
61100.833966 -0.017129 0.014935
61100.834447 -0.011533 0.014965
61100.834932 -0.012079 0.014936
61100.835412 -0.020569 0.014850
61100.835890 -0.021430 0.014784
61100.836401 -0.024032 0.014725
61100.836884 -0.015924 0.014868
61100.837362 -0.014159 0.014765
61100.837843 0.003652 0.014981
61100.838327 0.017483 0.015078
61100.838804 -0.013712 0.014753
61100.839285 -0.014549 0.014685
61100.839764 -0.008236 0.014732
61100.840242 -0.021854 0.014494
61100.840719 -0.029997 0.014393
61100.841204 -0.006012 0.014583
61100.841684 -0.020795 0.014400
61100.842164 -0.032971 0.014288
61100.842674 -0.036238 0.014115
61100.843154 -0.033558 0.014229
61100.843641 -0.050989 0.013873
61100.844120 -0.014636 0.014179
61100.844604 -0.033649 0.013962
61100.845082 -0.045297 0.013779
61100.845560 -0.039987 0.013822
61100.846042 -0.028501 0.013894
61100.846520 -0.033327 0.013800
61100.846997 -0.010095 0.013956
61100.847508 -0.051868 0.013458
61100.847985 -0.019238 0.013775
61100.848462 -0.041090 0.013474
61100.848942 -0.011161 0.013776
61100.849420 -0.010135 0.013711
61100.849903 0.001095 0.013762
61100.850389 -0.037158 0.013256
61100.850867 -0.035828 0.013225
61100.851344 -0.026628 0.013245
61100.851821 0.003641 0.013474
61100.852302 -0.015805 0.013246
61100.852781 -0.008873 0.013229
61100.853259 0.003184 0.013223
61100.853768 -0.000599 0.013109
61100.854246 0.003968 0.013111
61100.854723 0.029447 0.013278
61100.855201 0.019543 0.013085
61100.855678 0.020314 0.013053
61100.856156 0.032503 0.013065
61100.856634 0.019792 0.012899
61100.857119 0.049386 0.013098
61100.857595 0.055754 0.013048
61100.858074 0.042372 0.012912
61100.858562 0.037339 0.012771
61100.859039 0.058547 0.012856
61100.859517 0.049291 0.012728
61100.860024 0.043551 0.012609
61100.861942 0.071652 0.012642
61100.862424 0.062108 0.012508
61100.862901 0.066413 0.012520
61100.863379 0.061654 0.012413
61100.863865 0.059334 0.012398
61100.864344 0.016368 0.012048
61100.864847 0.055821 0.012267
61100.865324 0.069012 0.012378
61100.865802 0.070417 0.012324
61100.866289 0.067787 0.012256
61100.866766 0.049432 0.012089
61100.867246 0.073546 0.012241
61100.867723 0.037458 0.011950
61100.868201 0.063538 0.012168
61100.868679 0.052377 0.012050
61100.869157 0.035886 0.011897
61100.869636 0.048023 0.011972
61100.870113 0.043182 0.011947
61100.870592 0.041291 0.011948
61100.871094 0.035953 0.011877
61100.871572 0.007872 0.011627
61100.872052 0.019888 0.011760
61100.872538 0.014550 0.011702
61100.873018 0.019733 0.011749
61100.873498 0.016666 0.011674
61100.873979 -0.003572 0.011523
61100.874455 -0.001661 0.011572
61100.874939 0.031975 0.011842
61100.875417 0.025032 0.011750
61100.875906 0.003939 0.011568
61100.876384 0.006170 0.011623
61100.876862 -0.001823 0.011514
61100.877374 0.010282 0.011609
61100.877852 0.000818 0.011492
61100.878330 -0.047281 0.011153
61100.878809 -0.000108 0.011552
61100.879287 0.007500 0.011589
61100.879764 0.011125 0.011616
61100.880242 -0.025967 0.011375
61100.880719 -0.034735 0.011331
61100.881197 -0.014076 0.011467
61100.881675 -0.002120 0.011563
61100.882156 0.005034 0.011601
61100.882640 0.004224 0.011587
61100.883119 -0.026512 0.011384
61100.883627 -0.018764 0.011426
61100.884132 0.010331 0.011682
61100.884609 -0.003665 0.011586
61100.885088 -0.023902 0.011423
61100.885570 -0.023027 0.011444
61100.886070 -0.007530 0.011571
61100.886548 -0.008755 0.011584
61100.887029 -0.010254 0.011615
61100.887508 0.022084 0.011879
61100.887985 0.011181 0.011807
61100.888495 -0.009936 0.011676
61100.888980 -0.000704 0.011764
61100.889462 -0.006795 0.011787
61100.889951 0.022321 0.011999
61100.890997 -0.016166 0.011803
61100.891480 -0.024574 0.011803
61100.892009 0.007746 0.012098
61100.892492 -0.016316 0.011937
61100.892975 -0.018031 0.011962
61100.893458 -0.026934 0.011996
61100.893942 -0.003847 0.012242
61100.894427 -0.017993 0.012261
61100.894912 -0.000093 0.012506
61100.895406 -0.007830 0.012632
61100.895890 -0.007868 0.012726
61100.896373 -0.005624 0.012873
61100.896856 -0.012949 0.013017
61100.897338 -0.002385 0.013321
61100.897817 -0.005275 0.013616
61100.898299 0.006392 0.013966
61100.898782 0.001259 0.014243
61100.899266 -0.000341 0.014576
61101.657971 -0.017935 0.024011
61101.658447 -0.018177 0.024147
61101.658930 -0.048028 0.023422
61101.659409 -0.070557 0.022867
61101.659908 0.010890 0.024603
61101.660384 -0.011872 0.024124
61101.660864 -0.077950 0.022568
61101.661348 -0.039836 0.023456
61101.661825 -0.034359 0.023409
61101.662325 -0.079149 0.022591
61101.662813 -0.035361 0.023343
61101.663311 -0.098079 0.022196
61101.663810 -0.031443 0.023315
61101.664287 -0.066562 0.022619
61101.664792 -0.046661 0.022929
61101.665270 -0.040293 0.023232
61101.665748 -0.042520 0.023032
61101.666255 -0.075078 0.022281
61101.666734 -0.069356 0.022484
61101.667212 -0.071263 0.022405
61101.667717 -0.069681 0.022463
61101.668216 -0.038596 0.022902
61101.668693 -0.065007 0.022391
61101.669170 -0.093082 0.021908
61101.669671 -0.081289 0.022077
61101.670170 -0.044380 0.022894
61101.670649 -0.039605 0.022863
61101.671148 -0.046062 0.022853
61101.671627 -0.072872 0.022239
61101.672106 -0.056281 0.022675
61101.672584 -0.058771 0.022416
61101.673083 -0.033966 0.022902
61101.673581 -0.064376 0.022300
61101.674080 -0.028139 0.022968
61101.674587 -0.037034 0.022760
61101.675086 -0.054257 0.022495
61101.675562 -0.023164 0.022907
61101.676061 -0.069060 0.022052
61101.676561 -0.019190 0.023008
61101.677060 -0.026812 0.022792
61101.677558 -0.041635 0.022428
61101.678062 -0.013721 0.022997
61101.678541 -0.031609 0.022684
61101.679041 -0.001947 0.023168
61101.679538 0.002825 0.023229
61101.680037 0.004448 0.023220
61101.680535 -0.028640 0.022660
61101.681033 -0.019382 0.022821
61101.681539 0.016923 0.023598
61101.682038 -0.035812 0.022461
61101.682515 0.017739 0.023468
61101.683013 0.020960 0.023603
61101.683492 0.011594 0.023327
61101.683970 0.052275 0.024054
61101.684469 0.020300 0.023339
61101.684951 0.036514 0.023798
61101.685449 0.029994 0.023588
61101.685948 0.015022 0.023217
61101.686455 0.044454 0.023834
61101.686932 0.067931 0.024327
61101.687430 0.003538 0.022908
61101.687929 0.050136 0.023858
61101.688408 0.010189 0.023094
61101.688887 0.065944 0.024153
61101.689386 0.037435 0.023539
61101.689894 0.039694 0.023574
61101.690372 0.035322 0.023559
61101.690870 0.023571 0.023296
61101.691371 -0.017665 0.022436
61101.691849 0.040576 0.023584
61101.692328 0.055009 0.023774
61101.692826 0.024397 0.023317
61101.693334 0.068846 0.024128
61101.693835 -0.024301 0.022246
61101.694846 0.003844 0.022767
61101.695325 0.008504 0.022899
61101.695824 -0.030360 0.022057
61101.696322 -0.003135 0.022625
61101.696843 -0.012997 0.022330
61101.697345 -0.014036 0.022325
61101.697824 0.002554 0.022650
61101.698303 -0.013709 0.022364
61101.698781 0.003217 0.022593
61101.699280 -0.040943 0.021874
61101.699778 -0.027779 0.022013
61101.700288 -0.024291 0.022095
61101.700789 -0.012743 0.022229
61101.701287 -0.004261 0.022421
61101.701767 -0.005387 0.022422
61101.702244 -0.038425 0.021796
61101.702743 -0.039661 0.021712
61101.703241 -0.033446 0.021936
61101.703749 -0.025572 0.021989
61101.704226 0.012428 0.022569
61101.704712 -0.005689 0.022233
61101.705214 -0.024679 0.021917
61101.705693 -0.050130 0.021431
61101.706192 -0.003529 0.022264
61101.706692 -0.020758 0.021963
61101.707174 -0.022215 0.021928
61101.707672 -0.038700 0.021629
61101.708150 -0.053674 0.021238
61101.708638 -0.041375 0.021448
61101.709116 -0.003819 0.022178
61101.709617 -0.035874 0.021713
61101.710094 -0.038462 0.021505
61101.710594 -0.008729 0.022158
61101.711095 -0.056865 0.021170
61101.711594 -0.059745 0.021148
61101.712102 -0.044843 0.021361
61101.712600 -0.007799 0.022044
61101.713099 -0.021031 0.021936
61101.713576 -0.046230 0.021302
61101.714086 -0.029278 0.021588
61101.714596 -0.064588 0.021005
61101.715094 -0.084742 0.020633
61101.715602 -0.042877 0.021334
61101.716113 -0.033856 0.021535
61101.716613 -0.051926 0.021174
61101.717112 -0.017729 0.021897
61101.717591 -0.046237 0.021239
61101.718090 -0.026743 0.021609
61101.718567 -0.034721 0.021461
61101.719075 -0.034302 0.021502
61101.719555 -0.061618 0.020974
61101.720055 -0.018282 0.021774
61101.720556 0.016183 0.022386
61101.721033 -0.026878 0.021519
61101.721532 -0.039509 0.021276
61101.722042 -0.061397 0.020854
61101.722550 -0.006585 0.022137
61101.723029 -0.042137 0.021285
61101.723530 -0.022383 0.021656
61101.724007 -0.038451 0.021263
61101.724484 -0.050886 0.021009
61101.724983 -0.015362 0.021709
61101.725468 0.000716 0.021942
61101.725980 -0.034816 0.021275
61101.726457 -0.026687 0.021437
61101.726936 -0.063518 0.020797
61101.727415 -0.046750 0.021078
61101.727893 -0.027496 0.021458
61101.728371 -0.001958 0.021850
61101.728854 -0.017597 0.021470
61101.729334 0.024560 0.022295
61101.729814 -0.022717 0.021409
61101.730315 -0.043542 0.021007
61101.730816 0.028176 0.022303
61101.731314 0.009126 0.022081
61101.731791 0.023542 0.022181
61101.732269 0.004552 0.021882
61101.732746 -0.033077 0.021119
61101.733244 0.012931 0.022000
61101.733721 -0.010895 0.021547
61101.734201 0.054992 0.022696
61101.734699 0.024670 0.022164
61101.735177 0.013931 0.021904
61101.736185 0.016272 0.021986
61101.736665 0.025365 0.022172
61101.737144 0.012664 0.021915
61101.737644 -0.004204 0.021636
61101.738120 0.052126 0.022722
61101.738597 0.023501 0.022126
61101.739078 0.050345 0.022569
61101.739567 0.017409 0.021950
61101.740045 0.057643 0.022646
61101.740558 0.023486 0.022095
61101.741035 0.010777 0.021855
61101.741516 0.042556 0.022510
61101.741994 0.008186 0.021834
61101.742473 0.018747 0.021973
61101.742951 0.039503 0.022429
61101.743428 0.028841 0.022197
61101.743912 0.030990 0.022309
61101.744390 -0.001701 0.021638
61101.744867 0.013874 0.021891
61101.745366 0.017746 0.021973
61101.745866 0.040585 0.022373
61101.746344 0.016848 0.021968
61101.746853 0.025248 0.022138
61101.747331 0.011680 0.021901
61101.747808 0.015874 0.021982
61101.748307 0.004418 0.021815
61101.748786 0.029714 0.022278
61101.749263 0.043256 0.022600
61101.749761 0.053861 0.022678
61101.750270 0.036712 0.022464
61101.750768 0.019718 0.022114
61101.751267 -0.011690 0.021497
61101.751744 -0.000604 0.021821
61101.752243 -0.028261 0.021273
61101.752720 0.043066 0.022577
61101.753219 -0.012398 0.021583
61101.753700 -0.006864 0.021741
61101.754199 -0.023598 0.021464
61101.754697 -0.010370 0.021551
61101.755183 -0.044847 0.021038
61101.755661 -0.056355 0.020850
61101.757636 -0.045956 0.021065
61101.758134 -0.031093 0.021385
61101.758642 -0.029139 0.021279
61101.759119 -0.031315 0.021207
61101.759618 -0.016512 0.021510
61101.760128 -0.019005 0.021523
61101.760609 -0.042860 0.020955
61101.761087 -0.009242 0.021686
61101.761585 -0.029668 0.021347
61101.762095 0.024102 0.022283
61101.762605 -0.015679 0.021538
61101.763103 -0.022503 0.021394
61101.763583 -0.027555 0.021326
61101.764061 -0.051389 0.020828
61101.764559 -0.013299 0.021620
61101.765057 0.004591 0.021866
61101.765569 -0.038926 0.021284
61101.766047 -0.064225 0.020640
61101.766545 -0.032121 0.021267
61101.767027 -0.042633 0.020962
61101.767507 -0.088539 0.020343
61101.767984 -0.054484 0.020958
61101.768462 -0.060689 0.020718
61101.768964 -0.043575 0.020982
61101.769442 -0.025245 0.021429
61101.769940 -0.018678 0.021417
61101.770449 0.007656 0.021934
61101.770928 -0.020618 0.021465
61101.771426 -0.016769 0.021414
61101.771903 -0.055655 0.020730
61101.772380 0.009142 0.021924
61101.772879 -0.006922 0.021725
61101.773358 -0.028862 0.021203
61101.773858 -0.006060 0.021689
61101.774337 0.017666 0.022218
61101.774816 -0.003245 0.021707
61101.775322 -0.011466 0.021567
61101.775799 0.018405 0.022167
61101.776276 -0.035054 0.021094
61101.776754 -0.029847 0.021221
61101.777230 -0.033066 0.021119
61101.777729 -0.025053 0.021276
61101.780573 -0.011604 0.021104
61101.781055 -0.016134 0.020804
61101.781563 -0.031137 0.020460
61101.782040 -0.031960 0.020512
61101.782517 -0.035709 0.020540
61101.783016 -0.072663 0.019851
61101.783493 -0.006275 0.021073
61101.783991 -0.034636 0.020495
61101.784469 0.012064 0.021319
61101.784968 0.012340 0.021416
61101.785445 -0.010201 0.020866
61101.785924 -0.030497 0.020475
61101.786432 0.003748 0.021222
61101.786911 0.010046 0.021221
61101.787412 -0.026269 0.020639
61101.787911 -0.002484 0.020967
61101.788389 -0.015838 0.020898
61101.788868 -0.020660 0.020819
61101.789347 -0.049083 0.020173
61101.789857 -0.009035 0.020971
61101.790356 -0.029372 0.020534
61101.790833 -0.002313 0.021190
61101.791331 -0.000743 0.021027
61101.791808 0.004835 0.021179
61101.792288 -0.000862 0.021137
61101.792765 -0.041274 0.020422
61101.793245 0.011348 0.021307
61101.793745 -0.002842 0.021068
61101.794223 0.001337 0.021194
61101.794731 0.010615 0.021370
61101.795208 -0.039165 0.020421
61101.795686 0.002413 0.021304
61101.796165 0.047178 0.022076
61101.796642 0.029742 0.021654
61101.797127 -0.021242 0.020810
61101.797608 0.010412 0.021364
61101.798086 0.030653 0.021660
61101.798563 0.075105 0.022684
61101.799075 0.039103 0.021861
61101.799586 0.083783 0.022610
61101.800065 0.036367 0.021738
61101.800544 0.083046 0.022751
61101.801044 0.033346 0.021698
61101.801524 0.062824 0.022250
61101.802002 0.062653 0.022507
61101.802503 0.057277 0.022191
61101.803006 0.060558 0.022249
61101.803484 0.066837 0.022444
61101.803970 0.073893 0.022670
61101.804475 0.107072 0.023217
61101.804953 0.088491 0.022855
61101.805453 0.038736 0.021859
61101.805931 0.065971 0.022434
61101.806408 0.048626 0.022033
61101.806907 0.071656 0.022604
61101.807384 0.065530 0.022535
61101.807869 0.071857 0.022506
61101.808346 0.069088 0.022463
61101.808824 0.054975 0.022147
61101.809333 0.030229 0.021769
61101.809811 0.054702 0.022156
61101.810296 0.035384 0.021901
61101.810774 0.050768 0.022080
61101.811273 0.035107 0.021887
61101.811750 0.066837 0.022412
61101.812228 0.038830 0.021932
61101.812727 0.050504 0.022306
61101.813227 0.045736 0.022106
61101.813704 0.021792 0.021734
61101.814214 0.032464 0.021808
61101.814691 -0.003324 0.021140
61101.815170 0.017912 0.021578
61101.815669 0.007305 0.021476
61101.816147 0.028048 0.021770
61101.816623 0.037484 0.021874
61101.817102 0.005959 0.021383
61101.817585 0.031255 0.021767
61101.818084 0.033400 0.021815
61101.818561 -0.012957 0.021174
61101.819070 -0.019962 0.020929
61101.819548 0.024678 0.021883
61101.820028 0.038265 0.022077
61101.820515 0.028758 0.022068
61101.820992 -0.004195 0.021402
61101.821469 0.010361 0.021782
61101.821946 -0.007035 0.021468
61101.822431 -0.056173 0.020498
61101.822910 -0.002989 0.021442
61101.823390 0.002808 0.021428
61101.823897 -0.005821 0.021241
61101.824377 0.017022 0.021603
61101.824875 0.002159 0.021458
61101.825374 -0.015937 0.021121
61101.825853 -0.051185 0.020574
61101.826330 -0.003881 0.021276
61101.826808 -0.019065 0.021052
61101.827294 -0.002742 0.021284
61101.827772 0.004522 0.021434
61101.828249 -0.018360 0.021042
61101.828771 -0.016843 0.021058
61101.829250 -0.005674 0.021457
61101.829728 -0.050046 0.020461
61101.830226 -0.008091 0.021214
61101.830704 0.025821 0.021875
61101.831204 -0.006691 0.021313
61101.831681 -0.002452 0.021455
61101.832163 0.031170 0.022214
61101.832640 -0.013058 0.021246
61101.833139 0.005396 0.021547
61101.833649 0.007017 0.021701
61101.834131 0.020176 0.021797
61101.834608 -0.044197 0.020633
61101.835088 0.039077 0.022297
61101.835586 -0.022341 0.021137
61101.836063 -0.044471 0.020784
61101.836541 -0.016304 0.021220
61101.837023 0.020692 0.021954
61101.837502 0.033604 0.022111
61101.838000 0.012571 0.021767
61101.838508 -0.022802 0.021161
61101.838987 0.030387 0.022055
61101.839465 0.029628 0.022095
61101.839943 0.011312 0.021799
61101.840441 0.006230 0.021590
61101.840919 -0.001575 0.021627
61101.841396 0.001703 0.021534
61101.841877 0.009490 0.021707
61101.842354 0.000271 0.021503
61101.842832 -0.013572 0.021232
61101.843341 -0.013213 0.021286
61101.843819 -0.015648 0.021253
61101.844300 0.032938 0.022152
61101.844781 -0.024762 0.021082
61101.845259 0.005443 0.021676
61101.845739 0.047289 0.022360
61101.846219 0.024010 0.022029
61101.846697 -0.019275 0.021185
61101.847176 0.026637 0.021974
61101.847654 0.025216 0.021987
61101.848147 0.015174 0.021847
61101.848646 0.030466 0.022179
61101.849125 0.001168 0.021471
61101.849634 0.040115 0.022257
61101.850146 0.035411 0.022166
61101.850648 0.035219 0.022142
61101.851133 0.025591 0.021947
61101.851617 0.061415 0.022581
61101.852095 0.054123 0.022469
61101.852574 0.087258 0.023075
61101.853082 0.032369 0.022035
61101.853560 0.039760 0.022194
61101.854048 0.040707 0.022164
61101.854528 0.044175 0.022217
61101.855006 0.047534 0.022374
61101.855483 0.076870 0.022860
61101.855961 0.022024 0.021885
61101.856440 0.095743 0.023263
61101.856922 0.048674 0.022304
61101.857400 0.061110 0.022659
61101.857909 0.056042 0.022422
61101.858387 0.027625 0.021921
61101.858864 0.068473 0.022670
61101.859343 0.079231 0.023002
61101.859842 0.066289 0.022772
61101.860321 0.066098 0.022751
61101.860799 0.042857 0.022290
61101.861297 0.097438 0.023375
61101.861775 0.098108 0.023382
61101.862255 0.076246 0.023108
61101.862764 0.052971 0.022436
61101.863244 0.098558 0.023380
61101.863723 0.071861 0.022929
61101.864208 0.086391 0.023189
61101.864685 0.047433 0.022527
61101.865164 0.043877 0.022462
61101.865641 0.077594 0.023135
61101.866119 0.055827 0.022751
61101.866595 0.032430 0.022340
61101.867073 0.042254 0.022636
61101.867557 0.052193 0.022880
61101.868034 0.068902 0.023181
61101.868512 0.012327 0.022157
61101.869022 0.038260 0.022750
61101.869499 0.049789 0.023002
61101.869976 0.020958 0.022507
61101.870454 0.022971 0.022623
61101.870931 0.024797 0.022653
61101.871409 0.014017 0.022550
61101.871886 -0.002947 0.022420
61101.872365 0.047375 0.023464
61101.872842 0.006698 0.022749
61101.873321 0.031672 0.023382
61101.873800 0.006810 0.023065
61101.874278 0.002123 0.023184
61101.874756 0.004060 0.023311
61101.875261 -0.001011 0.023417
61101.875738 0.004302 0.023768
61101.876216 -0.013041 0.023576
61101.876702 -0.006879 0.023800
61101.877181 0.038295 0.025029
61101.877660 0.015720 0.024702
61101.878138 0.004043 0.024548
61101.878616 0.012248 0.024629
61101.879093 0.037850 0.025419
61101.879571 -0.062820 0.023292
61101.880048 -0.005312 0.024758
61101.880531 0.015939 0.025001
61101.881010 -0.036296 0.023722
61101.881493 0.000628 0.024480
61101.881973 -0.012952 0.024139
61101.882453 -0.044876 0.023320
61101.882963 -0.034109 0.023493
61101.883441 -0.008349 0.023842
61101.883917 -0.021298 0.023432
61101.884395 -0.066654 0.022472
61101.884872 0.004205 0.023755
61101.885350 0.008276 0.023713
61101.885848 -0.032855 0.022801
61101.886329 -0.038419 0.022831
61101.886808 -0.037855 0.022548
61101.887287 -0.020453 0.022778
61101.887797 -0.014946 0.022619
61101.888275 0.012078 0.023033
61101.888755 -0.044428 0.021762
61101.889234 -0.039961 0.021676
61101.889711 -0.010330 0.022086
61101.890188 -0.031856 0.021515
61101.890665 -0.030902 0.021459
61101.891142 0.005899 0.021884
61101.891620 -0.001462 0.021605
61101.892097 -0.022727 0.021008
61101.892581 0.001940 0.021353
61101.893058 -0.015343 0.020768
61101.893538 -0.036409 0.020262
61101.894045 -0.039690 0.020044
61101.894523 -0.028156 0.020014
61101.895002 -0.003340 0.020306
61101.895482 -0.013503 0.019982
61101.895965 0.040140 0.020725
61101.896443 0.024210 0.020339
61101.896921 0.010433 0.019842
61101.897400 0.031114 0.020053
61101.897878 0.020648 0.019821
61101.898363 -0.026892 0.018904
61101.898844 -0.032659 0.018828
61101.899321 -0.043849 0.018662
61101.899798 -0.007292 0.019433
61101.900311 -0.005962 0.019687
61101.900792 0.017227 0.020320
61101.901271 -0.028982 0.020095
61101.901751 -0.013936 0.020793
61101.902230 0.022893 0.021896
61101.902710 -0.003992 0.021904
