#	Label	J.D.-2400000	rel_flux_T1	rel_flux_err_T1	AIRMASS	Source-Sky_T1	Source_Error_T1
1	K01E00C-S001-R001-C001-R_out.fits	61101.657971	0.0141197107	0.0246573715	1.464759	13263.452032	293.319279
2	K01E00C-S001-R001-C002-R_out.fits	61101.658447	0.0083748884	0.0246091969	1.460907	13271.124053	295.158635
3	K01E00C-S001-R001-C003-R_out.fits	61101.658930	0.0294673387	0.0244446003	1.457034	13645.931270	294.381202
4	K01E00C-S001-R001-C004-R_out.fits	61101.659409	0.0404712226	0.0241756254	1.453234	13936.921400	293.524839
5	K01E00C-S001-R001-C005-R_out.fits	61101.659908	-0.0125489508	0.0244566439	1.449302	12934.371749	293.095051
6	K01E00C-S001-R001-C006-R_out.fits	61101.660384	-0.0064227461	0.0241394944	1.445578	13212.933527	293.582058
7	K01E00C-S001-R001-C007-R_out.fits	61101.660864	0.0381186958	0.0238103012	1.441863	14046.868526	291.970330
8	K01E00C-S001-R001-C008-R_out.fits	61101.661348	0.0161831898	0.0241073780	1.438147	13566.963519	293.102785
9	K01E00C-S001-R001-C009-R_out.fits	61101.661825	0.0015702247	0.0236617628	1.434510	13503.230473	291.132952
10	K01E00C-S001-R001-C010-R_out.fits	61101.662325	0.0429923606	0.0239307378	1.430742	14076.824679	292.894347
11	K01E00C-S001-R001-C011-R_out.fits	61101.662813	-0.0015530959	0.0235092099	1.427086	13524.960337	290.787932
12	K01E00C-S001-R001-C012-R_out.fits	61101.663311	0.0463565542	0.0235895009	1.423386	14334.130912	293.031631
13	K01E00C-S001-R001-C013-R_out.fits	61101.663810	-0.0146565900	0.0231318421	1.419718	13485.411517	289.588888
14	K01E00C-S001-R001-C014-R_out.fits	61101.664287	0.0178211266	0.0232924242	1.416235	13933.225356	290.269418
15	K01E00C-S001-R001-C015-R_out.fits	61101.664792	-0.0131952934	0.0228026490	1.412583	13684.773269	289.000109
16	K01E00C-S001-R001-C016-R_out.fits	61101.665270	-0.0162222648	0.0229873183	1.409153	13609.058514	291.204085
17	K01E00C-S001-R001-C017-R_out.fits	61101.665748	-0.0263790785	0.0225376886	1.405757	13641.278613	289.373654
18	K01E00C-S001-R001-C018-R_out.fits	61101.666255	0.0215185280	0.0230635948	1.402175	14061.193352	288.563252
19	K01E00C-S001-R001-C019-R_out.fits	61101.666734	0.0192342485	0.0232041040	1.398826	13991.620402	289.747757
20	K01E00C-S001-R001-C020-R_out.fits	61101.667212	0.0203703664	0.0231398712	1.395515	14020.509156	289.326287
21	K01E00C-S001-R001-C021-R_out.fits	61101.667717	0.0004060049	0.0226661542	1.392038	14004.588157	289.740448
22	K01E00C-S001-R001-C022-R_out.fits	61101.668216	-0.0253272662	0.0224573976	1.388641	13613.595138	287.164435
23	K01E00C-S001-R001-C023-R_out.fits	61101.668693	0.0018351850	0.0226661542	1.385413	13952.967994	287.753171
24	K01E00C-S001-R001-C024-R_out.fits	61101.669170	0.0181784216	0.0225858632	1.382217	14322.705883	289.004129
25	K01E00C-S001-R001-C025-R_out.fits	61101.669671	0.0083869320	0.0225095867	1.378885	14172.348020	288.173103
26	K01E00C-S001-R001-C026-R_out.fits	61101.670170	-0.0035924878	0.0229873183	1.375594	13702.831798	288.936823
27	K01E00C-S001-R001-C027-R_out.fits	61101.670649	-0.0374632535	0.0220840444	1.372465	13646.656394	287.360379
28	K01E00C-S001-R001-C028-R_out.fits	61101.671148	-0.0205579797	0.0225015576	1.369230	13732.162302	289.041896
29	K01E00C-S001-R001-C029-R_out.fits	61101.671627	-0.0017939690	0.0223851357	1.366153	14079.491324	288.391279
30	K01E00C-S001-R001-C030-R_out.fits	61101.672106	-0.0045479509	0.0227263725	1.363100	13869.890024	289.658757
31	K01E00C-S001-R001-C031-R_out.fits	61101.672584	0.0042238428	0.0227384161	1.360078	13905.636549	287.097680
32	K01E00C-S001-R001-C032-R_out.fits	61101.673083	-0.0220433636	0.0225176158	1.356953	13595.477752	286.771403
33	K01E00C-S001-R001-C033-R_out.fits	61101.673581	0.0161189570	0.0229150564	1.353855	13985.669443	287.258287
34	K01E00C-S001-R001-C034-R_out.fits	61101.674080	-0.0281093499	0.0224172521	1.350784	13530.448797	286.223848
35	K01E00C-S001-R001-C035-R_out.fits	61101.674587	-0.0170894078	0.0225055722	1.347686	13645.667788	286.053458
36	K01E00C-S001-R001-C036-R_out.fits	61101.675086	-0.0120391028	0.0223610484	1.344663	13867.749552	287.320380
37	K01E00C-S001-R001-C037-R_out.fits	61101.675562	-0.0343559911	0.0222044809	1.341800	13479.818708	284.394619
38	K01E00C-S001-R001-C038-R_out.fits	61101.676061	0.0178010538	0.0227103143	1.338831	14065.726019	285.682480
39	K01E00C-S001-R001-C039-R_out.fits	61101.676561	-0.0271458577	0.0224895140	1.335880	13437.957655	284.761970
40	K01E00C-S001-R001-C040-R_out.fits	61101.677060	-0.0248696074	0.0223409756	1.332957	13536.289940	284.156821
41	K01E00C-S001-R001-C041-R_out.fits	61101.677558	-0.0028738832	0.0225657905	1.330064	13726.052781	283.544263
42	K01E00C-S001-R001-C042-R_out.fits	61101.678062	-0.0321720754	0.0223530193	1.327167	13381.261055	283.431585
43	K01E00C-S001-R001-C043-R_out.fits	61101.678541	-0.0199437535	0.0223490047	1.324434	13607.009546	284.292781
44	K01E00C-S001-R001-C044-R_out.fits	61101.679041	-0.0454000206	0.0221683499	1.321604	13243.786017	282.604732
45	K01E00C-S001-R001-C045-R_out.fits	61101.679538	-0.0591097118	0.0218712732	1.318813	13189.120933	282.182637
46	K01E00C-S001-R001-C046-R_out.fits	61101.680037	-0.0465120511	0.0221924372	1.316040	13172.819320	281.724350
47	K01E00C-S001-R001-C047-R_out.fits	61101.680535	-0.0281775973	0.0221161608	1.313291	13583.913360	283.502603
48	K01E00C-S001-R001-C048-R_out.fits	61101.681033	-0.0309677102	0.0221884227	1.310566	13471.997984	283.161768
49	K01E00C-S001-R001-C049-R_out.fits	61101.681539	-0.0721810894	0.0218311276	1.307823	13032.286910	283.245881
50	K01E00C-S001-R001-C050-R_out.fits	61101.682038	-0.0029461451	0.0225778341	1.305145	13684.310494	283.089401
51	K01E00C-S001-R001-C051-R_out.fits	61101.682515	-0.0517831564	0.0222687137	1.302600	13028.839116	281.617514
52	K01E00C-S001-R001-C052-R_out.fits	61101.683013	-0.0617352281	0.0221201753	1.299966	12993.432331	282.461844
53	K01E00C-S001-R001-C053-R_out.fits	61101.683492	-0.0557174163	0.0220278406	1.297455	13109.068635	281.642798
54	K01E00C-S001-R001-C054-R_out.fits	61101.683970	-0.0977537785	0.0215822255	1.294974	12629.893091	279.810136
55	K01E00C-S001-R001-C055-R_out.fits	61101.684469	-0.0654246003	0.0217990112	1.292402	13010.500122	279.670089
56	K01E00C-S001-R001-C056-R_out.fits	61101.684951	-0.0866174144	0.0216344147	1.289939	12820.587876	281.012813
57	K01E00C-S001-R001-C057-R_out.fits	61101.685449	-0.0772875981	0.0217026620	1.287413	12900.853548	280.281487
58	K01E00C-S001-R001-C058-R_out.fits	61101.685948	-0.0625822983	0.0217508366	1.284905	13083.049186	279.757334
59	K01E00C-S001-R001-C059-R_out.fits	61101.686455	-0.0843853241	0.0217347784	1.282379	12736.158555	279.583491
60	K01E00C-S001-R001-C060-R_out.fits	61101.686932	-0.0909290420	0.0219997388	1.280026	12466.452442	279.318089
61	K01E00C-S001-R001-C061-R_out.fits	61101.687430	-0.0528028524	0.0217267493	1.277584	13231.197743	279.162702
62	K01E00C-S001-R001-C062-R_out.fits	61101.687929	-0.0842889749	0.0217668948	1.275165	12678.221106	278.593570
63	K01E00C-S001-R001-C063-R_out.fits	61101.688408	-0.0583630053	0.0217428075	1.272860	13156.198254	279.835467
64	K01E00C-S001-R001-C064-R_out.fits	61101.688887	-0.0961439436	0.0217106911	1.270570	12500.326965	278.081855
65	K01E00C-S001-R001-C065-R_out.fits	61101.689386	-0.0659143755	0.0219636078	1.268207	12835.741409	278.283497
66	K01E00C-S001-R001-C066-R_out.fits	61101.689894	-0.0783072941	0.0216705456	1.265823	12811.920901	278.181672
67	K01E00C-S001-R001-C067-R_out.fits	61101.690372	-0.0749350713	0.0217307639	1.263602	12866.287235	279.181424
68	K01E00C-S001-R001-C068-R_out.fits	61101.690870	-0.0656333570	0.0217387930	1.261303	13009.096685	279.126048
69	K01E00C-S001-R001-C069-R_out.fits	61101.691371	-0.0386074005	0.0216384292	1.259014	13515.570785	279.289578
70	K01E00C-S001-R001-C070-R_out.fits	61101.691849	-0.0701135957	0.0218833168	1.256846	12812.277038	278.303974
71	K01E00C-S001-R001-C071-R_out.fits	61101.692328	-0.0814707602	0.0217668948	1.254693	12645.631031	276.902275
72	K01E00C-S001-R001-C072-R_out.fits	61101.692826	-0.0490291745	0.0221844081	1.252471	13009.952943	279.397586
73	K01E00C-S001-R001-C073-R_out.fits	61101.693334	-0.0835703703	0.0220278406	1.250228	12490.719499	277.581303
74	K01E00C-S001-R001-C074-R_out.fits	61101.693835	-0.0200360881	0.0219114187	1.248033	13612.426917	278.907747
75	K01E00C-S001-R001-C076-R_out.fits	61101.694846	-0.0360180152	0.0220157970	1.243666	13269.532628	278.247070
76	K01E00C-S001-R001-C077-R_out.fits	61101.695325	-0.0457051264	0.0218793023	1.241623	13215.227728	278.714562
77	K01E00C-S001-R001-C078-R_out.fits	61101.695824	-0.0181693220	0.0217909821	1.239513	13699.545768	278.311841
78	K01E00C-S001-R001-C079-R_out.fits	61101.696322	-0.0379409850	0.0218311276	1.237423	13362.928176	278.460555
79	K01E00C-S001-R001-C080-R_out.fits	61101.696843	-0.0216298648	0.0219716369	1.235260	13487.598343	277.395037
80	K01E00C-S001-R001-C081-R_out.fits	61101.697345	-0.0210316968	0.0219756515	1.233195	13503.132563	277.647715
81	K01E00C-S001-R001-C082-R_out.fits	61101.697824	-0.0365077904	0.0218873314	1.231241	13300.814448	277.473319
82	K01E00C-S001-R001-C083-R_out.fits	61101.698303	-0.0017939690	0.0225055722	1.229301	13504.012154	278.155140
83	K01E00C-S001-R001-C084-R_out.fits	61101.698781	-0.0230991905	0.0221844081	1.227386	13297.514037	276.702705
84	K01E00C-S001-R001-C085-R_out.fits	61101.699280	-0.0013523684	0.0220117824	1.225401	13852.099221	279.080405
85	K01E00C-S001-R001-C086-R_out.fits	61101.699778	-0.0034881094	0.0221081317	1.223440	13687.688947	277.509912
86	K01E00C-S001-R001-C087-R_out.fits	61101.700288	-0.0016534597	0.0222365973	1.221449	13646.348090	277.700290
87	K01E00C-S001-R001-C088-R_out.fits	61101.700789	-0.0141387129	0.0220519279	1.219510	13504.430643	276.489323
88	K01E00C-S001-R001-C089-R_out.fits	61101.701287	-0.0092891354	0.0223730920	1.217598	13401.768398	276.753485
89	K01E00C-S001-R001-C090-R_out.fits	61101.701767	-0.0010392334	0.0225698050	1.215775	13417.975486	277.095754
90	K01E00C-S001-R001-C091-R_out.fits	61101.702244	0.0104223093	0.0222365973	1.213977	13834.889059	277.730137
91	K01E00C-S001-R001-C092-R_out.fits	61101.702743	0.0169218672	0.0223168883	1.212116	13853.077291	277.020909
92	K01E00C-S001-R001-C093-R_out.fits	61101.703241	0.0157857493	0.0224935285	1.210271	13776.408424	278.333626
93	K01E00C-S001-R001-C094-R_out.fits	61101.703749	-0.0091887717	0.0219274769	1.208409	13679.265621	277.042823
94	K01E00C-S001-R001-C095-R_out.fits	61101.704226	-0.0337738812	0.0218793023	1.206677	13210.941799	274.607559
95	K01E00C-S001-R001-C096-R_out.fits	61101.704712	-0.0147248373	0.0220519279	1.204924	13435.463818	275.128167
96	K01E00C-S001-R001-C097-R_out.fits	61101.705214	0.0014538027	0.0221402481	1.203132	13674.829783	276.046321
97	K01E00C-S001-R001-C098-R_out.fits	61101.705693	0.0422898142	0.0226621397	1.201441	14001.417259	276.367054
98	K01E00C-S001-R001-C099-R_out.fits	61101.706192	-0.0059771310	0.0222928010	1.199692	13415.397368	275.088899
99	K01E00C-S001-R001-C100-R_out.fits	61101.706692	0.0396000651	0.0231559294	1.197954	13632.208007	275.764579
100	K01E00C-S001-R001-C101-R_out.fits	61101.707174	-0.0050899152	0.0219716369	1.196297	13652.657735	275.734863
101	K01E00C-S001-R001-C102-R_out.fits	61101.707672	0.0168174889	0.0222285682	1.194598	13863.764796	276.183204
102	K01E00C-S001-R001-C103-R_out.fits	61101.708150	0.0343972072	0.0222807573	1.192985	14058.436086	274.996065
103	K01E00C-S001-R001-C104-R_out.fits	61101.708638	0.0159824623	0.0220318552	1.191351	13902.236596	274.626455
104	K01E00C-S001-R001-C105-R_out.fits	61101.709116	-0.0103931369	0.0220920735	1.189768	13431.594993	274.361315
105	K01E00C-S001-R001-C106-R_out.fits	61101.709617	0.0125179049	0.0221803936	1.188120	13836.219261	276.700475
106	K01E00C-S001-R001-C107-R_out.fits	61101.710094	0.0207035741	0.0222044809	1.186566	13871.293206	274.743846
107	K01E00C-S001-R001-C108-R_out.fits	61101.710594	-0.0119226808	0.0220198115	1.184954	13498.647024	275.489101
108	K01E00C-S001-R001-C109-R_out.fits	61101.711095	0.0241801752	0.0219395205	1.183352	14112.710487	275.172264
109	K01E00C-S001-R001-C110-R_out.fits	61101.711594	0.0378416918	0.0222406118	1.181775	14152.324738	275.656790
110	K01E00C-S001-R001-C111-R_out.fits	61101.712102	0.0207437196	0.0220479134	1.180184	13961.511676	274.686505
111	K01E00C-S001-R001-C112-R_out.fits	61101.712600	-0.0135686467	0.0218672586	1.178638	13495.186324	273.998935
112	K01E00C-S001-R001-C113-R_out.fits	61101.713099	-0.0026972429	0.0220238261	1.177106	13662.647219	276.043232
113	K01E00C-S001-R001-C114-R_out.fits	61101.713576	0.0387048202	0.0224373248	1.175653	13985.397713	274.397589
114	K01E00C-S001-R001-C115-R_out.fits	61101.714086	0.0014297154	0.0218030258	1.174116	13770.751343	273.812259
115	K01E00C-S001-R001-C116-R_out.fits	61101.714596	0.0554133810	0.0225336741	1.172594	14228.021107	275.260987
116	K01E00C-S001-R001-C117-R_out.fits	61101.715094	0.0593837718	0.0222365973	1.171121	14496.637186	275.494273
117	K01E00C-S001-R001-C118-R_out.fits	61101.715602	0.0246217758	0.0221201753	1.169636	13950.268866	274.107207
118	K01E00C-S001-R001-C119-R_out.fits	61101.716113	0.0155649490	0.0221081317	1.168157	13836.790939	274.447710
119	K01E00C-S001-R001-C120-R_out.fits	61101.716613	0.0475448613	0.0225417032	1.166723	14070.928232	274.410071
120	K01E00C-S001-R001-C121-R_out.fits	61101.717112	-0.0186149371	0.0215902546	1.165308	13636.499761	275.019401
121	K01E00C-S001-R001-C122-R_out.fits	61101.717591	0.0567421973	0.0228347654	1.163961	14001.091553	273.889189
122	K01E00C-S001-R001-C123-R_out.fits	61101.718090	0.0235659489	0.0223811211	1.162574	13753.771743	273.739160
123	K01E00C-S001-R001-C124-R_out.fits	61101.718567	0.0354891650	0.0225296595	1.161260	13856.941564	273.894686
124	K01E00C-S001-R001-C125-R_out.fits	61101.719075	0.0208039379	0.0221964518	1.159875	13853.431005	274.350708
125	K01E00C-S001-R001-C126-R_out.fits	61101.719555	0.0454653239	0.0222606846	1.158581	14208.160288	274.475921
126	K01E00C-S001-R001-C127-R_out.fits	61101.720055	0.0161390298	0.0223610484	1.157243	13653.965113	273.829783
127	K01E00C-S001-R001-C128-R_out.fits	61101.720556	-0.0147810410	0.0221924372	1.155920	13229.024359	272.761945
128	K01E00C-S001-R001-C129-R_out.fits	61101.721033	0.0267494877	0.0223811211	1.154671	13765.891588	272.835422
129	K01E00C-S001-R001-C130-R_out.fits	61101.721532	0.0312136683	0.0222365973	1.153380	13928.696515	272.942046
130	K01E00C-S001-R001-C131-R_out.fits	61101.722042	0.0545582816	0.0223730920	1.152073	14214.135819	273.017350
131	K01E00C-S001-R001-C132-R_out.fits	61101.722550	-0.0029943197	0.0222044809	1.150785	13516.032179	275.577775
132	K01E00C-S001-R001-C133-R_out.fits	61101.723029	0.0243608300	0.0220599570	1.149583	13967.551258	273.828630
133	K01E00C-S001-R001-C134-R_out.fits	61101.723530	0.0152558286	0.0222004663	1.148341	13717.367593	273.602776
134	K01E00C-S001-R001-C135-R_out.fits	61101.724007	0.0121244789	0.0217387930	1.147169	13923.455888	272.673137
135	K01E00C-S001-R001-C136-R_out.fits	61101.724484	0.0370789271	0.0220960880	1.146009	14085.406273	272.557497
136	K01E00C-S001-R001-C137-R_out.fits	61101.724983	0.0137423429	0.0222325827	1.144811	13633.594504	272.595451
137	K01E00C-S001-R001-C138-R_out.fits	61101.725468	-0.0070369724	0.0219636078	1.143656	13434.678643	271.506753
138	K01E00C-S001-R001-C139-R_out.fits	61101.725980	0.0209404326	0.0219756515	1.142453	13883.239797	272.036801
139	K01E00C-S001-R001-C140-R_out.fits	61101.726457	0.0135697172	0.0219515642	1.141344	13781.162544	272.101231
140	K01E00C-S001-R001-C141-R_out.fits	61101.726936	0.0513466409	0.0222125100	1.140241	14258.199659	273.117228
141	K01E00C-S001-R001-C142-R_out.fits	61101.727415	0.0335140060	0.0220679862	1.139151	14041.167936	272.587806
142	K01E00C-S001-R001-C143-R_out.fits	61101.727893	-0.0017859399	0.0215741964	1.138074	13795.805117	272.656537
143	K01E00C-S001-R001-C144-R_out.fits	61101.728371	-0.0148292157	0.0216544874	1.137011	13476.485600	271.204027
144	K01E00C-S001-R001-C145-R_out.fits	61101.728854	0.0281184496	0.0223690775	1.135947	13673.411240	270.386927
145	K01E00C-S001-R001-C146-R_out.fits	61101.729334	-0.0131069733	0.0221362335	1.134901	13154.021534	270.107059
146	K01E00C-S001-R001-C147-R_out.fits	61101.729814	0.0232969740	0.0221643354	1.133868	13740.825514	270.948897
147	K01E00C-S001-R001-C148-R_out.fits	61101.730315	0.0427836039	0.0222325827	1.132801	14008.377496	271.042548
148	K01E00C-S001-R001-C149-R_out.fits	61101.730816	-0.0401168716	0.0214537599	1.131748	13114.303866	269.392957
149	K01E00C-S001-R001-C150-R_out.fits	61101.731314	-0.0018662309	0.0221924372	1.130712	13347.782722	271.457416
150	K01E00C-S001-R001-C151-R_out.fits	61101.731791	-0.0337778958	0.0215019345	1.129731	13172.990171	269.119230
151	K01E00C-S001-R001-C152-R_out.fits	61101.732269	-0.0043151069	0.0219435351	1.128762	13406.685981	270.205028
152	K01E00C-S001-R001-C153-R_out.fits	61101.732746	0.0374000912	0.0222245536	1.127805	13880.773621	269.993970
153	K01E00C-S001-R001-C154-R_out.fits	61101.733244	-0.0251586551	0.0215220072	1.126817	13306.149900	269.616761
154	K01E00C-S001-R001-C155-R_out.fits	61101.733721	0.0023289748	0.0217749239	1.125882	13602.623708	269.946040
155	K01E00C-S001-R001-C156-R_out.fits	61101.734201	-0.0451149874	0.0217106911	1.124954	12802.864750	267.628645
156	K01E00C-S001-R001-C157-R_out.fits	61101.734699	-0.0289764929	0.0216063128	1.124001	13166.698947	268.785544
157	K01E00C-S001-R001-C158-R_out.fits	61101.735177	-0.0202207575	0.0215741964	1.123099	13298.755434	268.293047
158	K01E00C-S001-R001-C160-R_out.fits	61101.736185	-0.0142069603	0.0218070403	1.121232	13272.542224	268.770224
159	K01E00C-S001-R001-C161-R_out.fits	61101.736665	-0.0345888351	0.0214658035	1.120360	13162.983766	268.797515
160	K01E00C-S001-R001-C162-R_out.fits	61101.737144	-0.0082212649	0.0218873314	1.119502	13318.990211	268.841406
161	K01E00C-S001-R001-C163-R_out.fits	61101.737644	0.0049183601	0.0219355060	1.118617	13528.703594	269.590920
162	K01E00C-S001-R001-C164-R_out.fits	61101.738120	-0.0390931611	0.0218793023	1.117784	12845.769716	268.831705
163	K01E00C-S001-R001-C165-R_out.fits	61101.738597	-0.0233119616	0.0217026620	1.116962	13190.019490	268.793986
164	K01E00C-S001-R001-C166-R_out.fits	61101.739078	-0.0297151703	0.0219796660	1.116144	12868.935136	267.509744
165	K01E00C-S001-R001-C167-R_out.fits	61101.739567	-0.0179043616	0.0216745602	1.115323	13266.382020	268.204735
166	K01E00C-S001-R001-C168-R_out.fits	61101.740045	-0.0482262644	0.0215822255	1.114531	12784.768594	266.658363
167	K01E00C-S001-R001-C169-R_out.fits	61101.740558	-0.0225451824	0.0216866038	1.113693	13194.463841	268.514693
168	K01E00C-S001-R001-C170-R_out.fits	61101.741035	-0.0093854847	0.0217869676	1.112926	13350.839337	268.736794
169	K01E00C-S001-R001-C171-R_out.fits	61101.741516	-0.0373107005	0.0217227348	1.112162	12966.716562	268.830624
170	K01E00C-S001-R001-C172-R_out.fits	61101.741994	-0.0085865890	0.0217869676	1.111413	13384.759250	269.169586
171	K01E00C-S001-R001-C173-R_out.fits	61101.742473	-0.0160416100	0.0217468221	1.110674	13256.173936	268.274063
172	K01E00C-S001-R001-C174-R_out.fits	61101.742951	-0.0503860927	0.0212971924	1.109946	13006.106126	268.676409
173	K01E00C-S001-R001-C175-R_out.fits	61101.743428	-0.0305903424	0.0215862400	1.109229	13135.394261	268.543235
174	K01E00C-S001-R001-C176-R_out.fits	61101.743912	-0.0357891858	0.0215420800	1.108514	13110.364073	269.383069
175	K01E00C-S001-R001-C177-R_out.fits	61101.744390	-0.0106259809	0.0215420800	1.107819	13512.063894	269.281228
176	K01E00C-S001-R001-C178-R_out.fits	61101.744867	-0.0259174052	0.0214095998	1.107134	13320.531920	268.576890
177	K01E00C-S001-R001-C179-R_out.fits	61101.745366	-0.0113044400	0.0218632441	1.106429	13274.049132	268.643542
178	K01E00C-S001-R001-C180-R_out.fits	61101.745866	-0.0360260443	0.0216183565	1.105734	12998.660695	267.856135
179	K01E00C-S001-R001-C181-R_out.fits	61101.746344	-0.0140102473	0.0217789385	1.105081	13286.848199	268.830729
180	K01E00C-S001-R001-C182-R_out.fits	61101.746853	-0.0289443765	0.0215661673	1.104394	13185.360385	268.841719
181	K01E00C-S001-R001-C183-R_out.fits	61101.747331	-0.0165434289	0.0216504729	1.103762	13352.033946	269.334721
182	K01E00C-S001-R001-C184-R_out.fits	61101.747808	-0.0131551479	0.0218110549	1.103140	13301.399733	269.297969
183	K01E00C-S001-R001-C185-R_out.fits	61101.748307	-0.0178401288	0.0215260218	1.102502	13443.355198	270.113455
184	K01E00C-S001-R001-C186-R_out.fits	61101.748786	-0.0195623711	0.0219475496	1.101899	13134.581426	269.500947
185	K01E00C-S001-R001-C187-R_out.fits	61101.749263	-0.0260538999	0.0220960880	1.101307	12972.556372	270.022882
186	K01E00C-S001-R001-C188-R_out.fits	61101.749761	-0.0482142207	0.0215982837	1.100701	12847.264713	268.349112
187	K01E00C-S001-R001-C189-R_out.fits	61101.750270	-0.0347213152	0.0217227348	1.100094	13052.613964	270.063520
188	K01E00C-S001-R001-C190-R_out.fits	61101.750768	-0.0041023357	0.0221803936	1.099509	13259.317982	270.064432
189	K01E00C-S001-R001-C191-R_out.fits	61101.751267	0.0275885289	0.0223530193	1.098935	13649.282389	270.243898
190	K01E00C-S001-R001-C192-R_out.fits	61101.751744	-0.0021271767	0.0219274769	1.098396	13511.379728	271.555043
191	K01E00C-S001-R001-C193-R_out.fits	61101.752243	0.0344895418	0.0222928010	1.097844	13860.763466	271.581200
192	K01E00C-S001-R001-C194-R_out.fits	61101.752720	-0.0401208862	0.0217187202	1.097325	12980.150618	269.911383
193	K01E00C-S001-R001-C195-R_out.fits	61101.753219	0.0283432644	0.0224533830	1.096793	13661.217193	271.561618
194	K01E00C-S001-R001-C196-R_out.fits	61101.753700	0.0042037700	0.0219917097	1.096290	13592.475064	272.179337
195	K01E00C-S001-R001-C197-R_out.fits	61101.754199	0.0304228018	0.0223650629	1.095780	13804.334159	272.892713
196	K01E00C-S001-R001-C198-R_out.fits	61101.754697	0.0413142783	0.0227424307	1.095280	13637.875151	270.704785
197	K01E00C-S001-R001-C199-R_out.fits	61101.755183	0.0555619194	0.0225376886	1.094804	14078.594171	272.798298
198	K01E00C-S001-R001-C200-R_out.fits	61101.755661	0.0632256970	0.0225296595	1.094344	14229.296561	273.247025
199	K01E00C-S001-R001-C204-R_out.fits	61101.757636	0.0568827066	0.0226059360	1.092551	14096.360955	273.485923
200	K01E00C-S001-R001-C205-R_out.fits	61101.758134	0.0404110044	0.0225216304	1.092125	13905.336477	273.887361
201	K01E00C-S001-R001-C206-R_out.fits	61101.758642	0.0349672734	0.0222928010	1.091702	13880.975436	272.047232
202	K01E00C-S001-R001-C207-R_out.fits	61101.759119	0.0670355058	0.0230234493	1.091313	13909.405443	271.678177
203	K01E00C-S001-R001-C208-R_out.fits	61101.759618	0.0361997405	0.0225738196	1.090918	13721.642340	271.848752
204	K01E00C-S001-R001-C209-R_out.fits	61101.760128	0.0412139145	0.0226982706	1.090524	13753.785188	272.646346
205	K01E00C-S001-R001-C210-R_out.fits	61101.760609	0.0623585540	0.0226460815	1.090163	14059.865900	271.365117
206	K01E00C-S001-R001-C211-R_out.fits	61101.761087	0.0266932840	0.0224935285	1.089814	13631.725531	272.274877
207	K01E00C-S001-R001-C212-R_out.fits	61101.761585	0.0533980764	0.0228187072	1.089460	13891.159986	273.120742
208	K01E00C-S001-R001-C213-R_out.fits	61101.762095	-0.0178240706	0.0219756515	1.089108	13220.490948	271.325971
209	K01E00C-S001-R001-C214-R_out.fits	61101.762605	0.0294432514	0.0224132375	1.088768	13714.394999	272.057195
210	K01E00C-S001-R001-C215-R_out.fits	61101.763103	0.0411015071	0.0225698050	1.088445	13801.365671	271.949579
211	K01E00C-S001-R001-C216-R_out.fits	61101.763583	0.0355935433	0.0223570338	1.088145	13866.209279	272.353514
212	K01E00C-S001-R001-C217-R_out.fits	61101.764061	0.0713591770	0.0227263725	1.087855	14174.439452	271.918892
213	K01E00C-S001-R001-C218-R_out.fits	61101.764559	0.0338271409	0.0226059360	1.087563	13686.240447	272.525972
214	K01E00C-S001-R001-C219-R_out.fits	61101.765057	0.0078810986	0.0222285682	1.087281	13463.024278	271.136889
215	K01E00C-S001-R001-C220-R_out.fits	61101.765569	0.0334778750	0.0222165245	1.087002	14014.041072	274.720812
216	K01E00C-S001-R001-C221-R_out.fits	61101.766047	0.0773207851	0.0226741833	1.086752	14344.847704	272.696750
217	K01E00C-S001-R001-C222-R_out.fits	61101.766545	0.0378055608	0.0223369611	1.086500	13927.307022	272.802757
218	K01E00C-S001-R001-C223-R_out.fits	61101.767027	0.0454693385	0.0222245536	1.086267	14063.205047	271.511115
219	K01E00C-S001-R001-C224-R_out.fits	61101.767507	0.1078474299	0.0230515511	1.086045	14670.957248	274.887741
220	K01E00C-S001-R001-C225-R_out.fits	61101.767984	0.0674048444	0.0227303870	1.085832	14218.300681	274.455086
221	K01E00C-S001-R001-C226-R_out.fits	61101.768462	0.0813915397	0.0228347654	1.085629	14300.156331	272.881012
222	K01E00C-S001-R001-C227-R_out.fits	61101.768964	0.0633461335	0.0226781979	1.085427	14076.869220	272.042308
223	K01E00C-S001-R001-C228-R_out.fits	61101.769442	0.0486649210	0.0227865908	1.085243	13841.536482	273.185401
224	K01E00C-S001-R001-C229-R_out.fits	61101.769940	0.0397606471	0.0225577614	1.085061	13758.403613	271.389715
225	K01E00C-S001-R001-C230-R_out.fits	61101.770449	0.0124938176	0.0224052084	1.084886	13429.019329	271.296620
226	K01E00C-S001-R001-C231-R_out.fits	61101.770928	0.0419485774	0.0226460815	1.084731	13783.608853	272.506826
227	K01E00C-S001-R001-C232-R_out.fits	61101.771426	0.0322454079	0.0223650629	1.084580	13735.115597	270.896180
228	K01E00C-S001-R001-C233-R_out.fits	61101.771903	0.0672723643	0.0225095867	1.084445	14236.233229	271.813283
229	K01E00C-S001-R001-C234-R_out.fits	61101.772380	0.0268097060	0.0227504598	1.084319	13411.712758	270.823662
230	K01E00C-S001-R001-C235-R_out.fits	61101.772879	0.0417518644	0.0229110418	1.084197	13611.872383	272.371437
231	K01E00C-S001-R001-C236-R_out.fits	61101.773358	0.0663610612	0.0230073911	1.084090	13889.964209	271.254057
232	K01E00C-S001-R001-C237-R_out.fits	61101.773858	0.0344935564	0.0227022852	1.083987	13601.511634	271.713373
233	K01E00C-S001-R001-C238-R_out.fits	61101.774337	0.0236221526	0.0229592164	1.083899	13307.708544	272.327556
234	K01E00C-S001-R001-C239-R_out.fits	61101.774816	0.0355212814	0.0227504598	1.083820	13566.695282	271.242618
235	K01E00C-S001-R001-C240-R_out.fits	61101.775322	0.0367055739	0.0226340378	1.083747	13669.992890	271.545178
236	K01E00C-S001-R001-C241-R_out.fits	61101.775799	0.0158098366	0.0227103143	1.083688	13299.197338	271.527306
237	K01E00C-S001-R001-C242-R_out.fits	61101.776276	0.0551965952	0.0225979069	1.083638	13970.560773	271.423135
238	K01E00C-S001-R001-C243-R_out.fits	61101.776754	0.0458908663	0.0224975431	1.083597	13903.866898	271.751798
239	K01E00C-S001-R001-C244-R_out.fits	61101.777230	0.0619811862	0.0227906053	1.083565	13945.283780	271.258778
240	K01E00C-S001-R001-C245-R_out.fits	61101.777729	0.0580308681	0.0228708963	1.083542	13842.871909	271.266070
241	K01E00C-S001-R001-C246-R_out.fits	61101.780573	0.0428928393	0.0224864979	1.083597	13672.949194	265.768606
242	K01E00C-S001-R001-C247-R_out.fits	61101.781055	0.0523999426	0.0224296372	1.083647	13730.154921	263.088351
243	K01E00C-S001-R001-C248-R_out.fits	61101.781563	0.0503946565	0.0220354033	1.083703	13921.233424	262.334654
244	K01E00C-S001-R001-C249-R_out.fits	61101.782040	0.0681048584	0.0225092421	1.083765	13931.801225	263.199155
245	K01E00C-S001-R001-C250-R_out.fits	61101.782517	0.0557016519	0.0222325202	1.083836	13979.999201	264.468072
246	K01E00C-S001-R001-C251-R_out.fits	61101.783016	0.0972288913	0.0224827072	1.083920	14464.003576	264.449943
247	K01E00C-S001-R001-C252-R_out.fits	61101.783493	0.0237004693	0.0219899147	1.084011	13606.079107	264.077697
248	K01E00C-S001-R001-C253-R_out.fits	61101.783991	0.0756900712	0.0226874056	1.084115	13966.132563	263.636273
249	K01E00C-S001-R001-C254-R_out.fits	61101.784469	0.0484689753	0.0228921040	1.084224	13378.122678	262.680978
250	K01E00C-S001-R001-C255-R_out.fits	61101.784968	0.0426691874	0.0228352433	1.084348	13374.658456	263.811526
251	K01E00C-S001-R001-C256-R_out.fits	61101.785445	0.0401976438	0.0222097760	1.084476	13655.176532	262.424216
252	K01E00C-S001-R001-C257-R_out.fits	61101.785924	0.0604514129	0.0223083345	1.084614	13912.760101	262.374565
253	K01E00C-S001-R001-C258-R_out.fits	61101.786432	0.0370286094	0.0224827072	1.084771	13480.689261	263.493425
254	K01E00C-S001-R001-C259-R_out.fits	61101.786911	0.0321385921	0.0223803580	1.084929	13402.622727	261.963036
255	K01E00C-S001-R001-C260-R_out.fits	61101.787412	0.0634839817	0.0225433585	1.085103	13858.373786	263.441747
256	K01E00C-S001-R001-C261-R_out.fits	61101.787911	0.0387420107	0.0222931716	1.085287	13557.954258	261.820552
257	K01E00C-S001-R001-C262-R_out.fits	61101.788389	0.0421688135	0.0222666366	1.085474	13725.596773	264.181268
258	K01E00C-S001-R001-C263-R_out.fits	61101.788868	0.0426995131	0.0222173574	1.085670	13786.547178	264.358063
259	K01E00C-S001-R001-C264-R_out.fits	61101.789347	0.0647387070	0.0220808918	1.085875	14152.051714	262.951373
260	K01E00C-S001-R001-C265-R_out.fits	61101.789857	0.0147960891	0.0216714950	1.086104	13639.381444	263.439280
261	K01E00C-S001-R001-C266-R_out.fits	61101.790356	0.0569829123	0.0222666366	1.086338	13897.074452	262.823218
262	K01E00C-S001-R001-C267-R_out.fits	61101.790833	0.0443446817	0.0226305449	1.086572	13554.812831	264.539304
263	K01E00C-S001-R001-C268-R_out.fits	61101.791331	0.0286094401	0.0220922639	1.086827	13535.015968	262.124432
264	K01E00C-S001-R001-C269-R_out.fits	61101.791808	0.0108385868	0.0217927978	1.087080	13465.431574	262.666374
265	K01E00C-S001-R001-C270-R_out.fits	61101.792288	0.0346101357	0.0223462416	1.087343	13536.045367	263.520366
266	K01E00C-S001-R001-C271-R_out.fits	61101.792765	0.0661223166	0.0223727765	1.087615	14049.112856	264.252870
267	K01E00C-S001-R001-C272-R_out.fits	61101.793245	-0.0039413955	0.0215615644	1.087898	13384.177348	262.657708
268	K01E00C-S001-R001-C273-R_out.fits	61101.793745	0.0243714252	0.0220240311	1.088204	13559.973654	263.117416
269	K01E00C-S001-R001-C274-R_out.fits	61101.794223	0.0340187848	0.0223917301	1.088505	13507.611653	263.672447
270	K01E00C-S001-R001-C275-R_out.fits	61101.794731	0.0196065014	0.0222059853	1.088835	13392.363439	263.594472
271	K01E00C-S001-R001-C276-R_out.fits	61101.795208	0.0701366796	0.0224827072	1.089156	14020.369820	263.705159
272	K01E00C-S001-R001-C277-R_out.fits	61101.795686	0.0176239595	0.0220846825	1.089487	13493.302979	264.756272
273	K01E00C-S001-R001-C278-R_out.fits	61101.796165	-0.0165038119	0.0220012869	1.089827	12947.974613	263.271940
274	K01E00C-S001-R001-C279-R_out.fits	61101.796642	0.0081168563	0.0222325202	1.090176	13157.267764	262.410830
275	K01E00C-S001-R001-C280-R_out.fits	61101.797127	0.0437078422	0.0222249388	1.090541	13789.474791	264.296369
276	K01E00C-S001-R001-C281-R_out.fits	61101.797608	0.0033329789	0.0218003792	1.090912	13392.895045	263.529591
277	K01E00C-S001-R001-C282-R_out.fits	61101.798086	-0.0060679844	0.0218686120	1.091291	13145.166484	262.241900
278	K01E00C-S001-R001-C283-R_out.fits	61101.798563	-0.0449947961	0.0218382863	1.091679	12617.490341	263.615932
279	K01E00C-S001-R001-C284-R_out.fits	61101.799075	-0.0131755676	0.0218761934	1.092106	13042.486093	262.603854
280	K01E00C-S001-R001-C285-R_out.fits	61101.799586	-0.0519583323	0.0216146343	1.092542	12516.254929	260.641015
281	K01E00C-S001-R001-C286-R_out.fits	61101.800065	-0.0270874771	0.0214061452	1.092962	13074.563579	261.769427
282	K01E00C-S001-R001-C287-R_out.fits	61101.800544	-0.0454496814	0.0218913562	1.093391	12523.970026	262.433392
283	K01E00C-S001-R001-C288-R_out.fits	61101.801044	-0.0148434805	0.0216752857	1.093850	13110.128354	262.004270
284	K01E00C-S001-R001-C289-R_out.fits	61101.801524	-0.0238502099	0.0220050776	1.094300	12758.544990	261.456204
285	K01E00C-S001-R001-C290-R_out.fits	61101.802002	-0.0297447656	0.0220657290	1.094758	12760.108819	264.509425
286	K01E00C-S001-R001-C291-R_out.fits	61101.802503	-0.0197410792	0.0220505661	1.095250	12822.976877	262.085365
287	K01E00C-S001-R001-C292-R_out.fits	61101.803006	-0.0155940413	0.0222097760	1.095753	12783.797169	261.960920
288	K01E00C-S001-R001-C293-R_out.fits	61101.803484	-0.0450706103	0.0216335879	1.096241	12709.600324	262.734086
289	K01E00C-S001-R001-C294-R_out.fits	61101.803970	-0.0396233585	0.0219899147	1.096748	12626.789528	263.643703
290	K01E00C-S001-R001-C295-R_out.fits	61101.804475	-0.0542289682	0.0221225896	1.097286	12246.251402	261.870989
291	K01E00C-S001-R001-C296-R_out.fits	61101.804953	-0.0443124681	0.0220391940	1.097804	12457.132755	262.225192
292	K01E00C-S001-R001-C297-R_out.fits	61101.805453	-0.0190890769	0.0217397278	1.098358	13040.718311	262.543500
293	K01E00C-S001-R001-C298-R_out.fits	61101.805931	-0.0409614795	0.0217207742	1.098897	12717.135747	262.764777
294	K01E00C-S001-R001-C299-R_out.fits	61101.806408	-0.0293239967	0.0216525414	1.099446	12921.373131	262.219984
295	K01E00C-S001-R001-C300-R_out.fits	61101.806907	-0.0277356887	0.0222363109	1.100030	12649.598535	263.347871
296	K01E00C-S001-R001-C301-R_out.fits	61101.807384	-0.0336226630	0.0219899147	1.100598	12720.610984	264.017531
297	K01E00C-S001-R001-C302-R_out.fits	61101.807869	-0.0303967679	0.0220846825	1.101187	12646.110967	262.135108
298	K01E00C-S001-R001-C303-R_out.fits	61101.808346	-0.0482320633	0.0215653551	1.101776	12677.816370	262.294633
299	K01E00C-S001-R001-C304-R_out.fits	61101.808824	-0.0267273596	0.0218231234	1.102376	12843.066672	261.974978
300	K01E00C-S001-R001-C305-R_out.fits	61101.809333	-0.0073113377	0.0219330541	1.103026	13138.477356	263.428616
301	K01E00C-S001-R001-C306-R_out.fits	61101.809811	-0.0352223430	0.0215994715	1.103646	12845.000823	262.119244
302	K01E00C-S001-R001-C307-R_out.fits	61101.810296	-0.0091195068	0.0220088683	1.104287	13074.930764	263.739911
303	K01E00C-S001-R001-C308-R_out.fits	61101.810774	-0.0247523991	0.0218079606	1.104929	12890.312927	262.145508
304	K01E00C-S001-R001-C309-R_out.fits	61101.811273	0.0130068735	0.0225812657	1.105610	13076.879925	263.614356
305	K01E00C-S001-R001-C310-R_out.fits	61101.811750	-0.0461585444	0.0215767272	1.106270	12699.569058	262.142357
306	K01E00C-S001-R001-C311-R_out.fits	61101.812228	-0.0161588572	0.0218799841	1.106942	13030.722417	263.218883
307	K01E00C-S001-R001-C312-R_out.fits	61101.812727	-0.0172657448	0.0221984038	1.107656	12890.625638	264.835382
308	K01E00C-S001-R001-C313-R_out.fits	61101.813227	-0.0195704972	0.0219557983	1.108382	12946.600448	263.603504
309	K01E00C-S001-R001-C314-R_out.fits	61101.813704	0.0057969411	0.0222249388	1.109085	13234.524541	264.929651
310	K01E00C-S001-R001-C315-R_out.fits	61101.814214	-0.0074895011	0.0219747519	1.109849	13104.267202	263.214789
311	K01E00C-S001-R001-C316-R_out.fits	61101.814691	0.0160394423	0.0219027284	1.110574	13542.616145	263.684575
312	K01E00C-S001-R001-C317-R_out.fits	61101.815170	0.0073018534	0.0221150082	1.111311	13279.503866	263.919913
313	K01E00C-S001-R001-C318-R_out.fits	61101.815669	0.0281583455	0.0225395678	1.112093	13409.023975	265.230224
314	K01E00C-S001-R001-C319-R_out.fits	61101.816147	0.0051790552	0.0222590552	1.112850	13154.467011	263.761542
315	K01E00C-S001-R001-C320-R_out.fits	61101.816623	0.0048682169	0.0223727765	1.113617	13039.821928	262.708280
316	K01E00C-S001-R001-C321-R_out.fits	61101.817102	0.0232304212	0.0223272880	1.114398	13423.127943	264.359769
317	K01E00C-S001-R001-C322-R_out.fits	61101.817585	-0.0010377109	0.0220998454	1.115196	13113.156156	262.889721
318	K01E00C-S001-R001-C323-R_out.fits	61101.818084	-0.0079405957	0.0219785426	1.116033	13086.369267	262.932779
319	K01E00C-S001-R001-C324-R_out.fits	61101.818561	0.0486319758	0.0227253127	1.116842	13656.302381	266.320753
320	K01E00C-S001-R001-C325-R_out.fits	61101.819070	0.0393181988	0.0222514738	1.117720	13743.711675	264.923231
321	K01E00C-S001-R001-C326-R_out.fits	61101.819548	-0.0140474312	0.0218610306	1.118554	13189.190505	265.825005
322	K01E00C-S001-R001-C327-R_out.fits	61101.820028	-0.0089337620	0.0221984038	1.119402	13024.259943	264.836911
323	K01E00C-S001-R001-C328-R_out.fits	61101.820515	-0.0029709735	0.0223197066	1.120274	13137.850962	267.036416
324	K01E00C-S001-R001-C329-R_out.fits	61101.820992	0.0286700915	0.0224523815	1.121141	13541.746630	266.939734
325	K01E00C-S001-R001-C330-R_out.fits	61101.821469	0.0068393866	0.0222628459	1.122018	13360.433738	268.036247
326	K01E00C-S001-R001-C331-R_out.fits	61101.821946	0.0299740961	0.0225395678	1.122905	13575.229928	268.417284
327	K01E00C-S001-R001-C332-R_out.fits	61101.822431	0.0765467719	0.0226911963	1.123819	14202.644314	268.142986
328	K01E00C-S001-R001-C333-R_out.fits	61101.822910	0.0303683301	0.0225433585	1.124732	13522.686005	267.062185
329	K01E00C-S001-R001-C334-R_out.fits	61101.823390	0.0187156843	0.0222666366	1.125658	13449.638610	265.435378
330	K01E00C-S001-R001-C335-R_out.fits	61101.823897	0.0340718547	0.0224561722	1.126650	13555.841595	265.200747
331	K01E00C-S001-R001-C336-R_out.fits	61101.824377	0.0076505988	0.0221680781	1.127599	13272.563018	264.090045
332	K01E00C-S001-R001-C337-R_out.fits	61101.824875	0.0261454780	0.0224713350	1.128598	13454.385021	265.911259
333	K01E00C-S001-R001-C338-R_out.fits	61101.825374	0.0550951382	0.0228579876	1.129608	13679.361713	266.110482
334	K01E00C-S001-R001-C339-R_out.fits	61101.825853	0.0812396722	0.0229034761	1.130591	14129.584281	267.741546
335	K01E00C-S001-R001-C340-R_out.fits	61101.826330	0.0139962491	0.0219899147	1.131582	13526.068665	265.050641
336	K01E00C-S001-R001-C341-R_out.fits	61101.826808	0.0446024500	0.0225092421	1.132584	13715.411053	265.935074
337	K01E00C-S001-R001-C342-R_out.fits	61101.827294	0.0174230519	0.0220846825	1.133617	13509.589375	264.832112
338	K01E00C-S001-R001-C343-R_out.fits	61101.827772	0.0192577560	0.0222855902	1.134644	13418.341558	264.901733
339	K01E00C-S001-R001-C344-R_out.fits	61101.828249	0.0430596306	0.0224713350	1.135681	13702.944098	265.564610
340	K01E00C-S001-R001-C345-R_out.fits	61101.828771	0.0358876053	0.0223159159	1.136828	13682.498680	265.373819
341	K01E00C-S001-R001-C346-R_out.fits	61101.829250	0.0139659234	0.0221453339	1.137894	13541.250822	267.608714
342	K01E00C-S001-R001-C347-R_out.fits	61101.829728	0.0785748023	0.0227442662	1.138968	14104.842974	265.814720
343	K01E00C-S001-R001-C348-R_out.fits	61101.830226	0.0381658227	0.0225395678	1.140101	13568.909817	265.115010
344	K01E00C-S001-R001-C349-R_out.fits	61101.830704	0.0163275364	0.0226722427	1.141200	13150.428234	264.953401
345	K01E00C-S001-R001-C350-R_out.fits	61101.831204	0.0339884591	0.0225319864	1.142362	13548.845385	265.958207
346	K01E00C-S001-R001-C351-R_out.fits	61101.831681	0.0383553582	0.0227859640	1.143482	13494.769549	266.673337
347	K01E00C-S001-R001-C352-R_out.fits	61101.832163	0.0076885059	0.0227783826	1.144626	13082.019651	267.657618
348	K01E00C-S001-R001-C353-R_out.fits	61101.832640	0.0168317009	0.0220278218	1.145772	13624.609624	266.607574
349	K01E00C-S001-R001-C354-R_out.fits	61101.833139	0.0200045261	0.0224334279	1.146981	13393.618785	265.801401
350	K01E00C-S001-R001-C355-R_out.fits	61101.833649	0.0323357091	0.0228883132	1.148234	13372.215752	267.270455
351	K01E00C-S001-R001-C356-R_out.fits	61101.834131	0.0117256132	0.0224789165	1.149429	13209.789245	265.192237
352	K01E00C-S001-R001-C357-R_out.fits	61101.834608	0.0751934881	0.0228617783	1.150625	14015.253870	266.347285
353	K01E00C-S001-R001-C358-R_out.fits	61101.835088	-0.0150936674	0.0222704273	1.151839	12979.169513	266.546370
354	K01E00C-S001-R001-C359-R_out.fits	61101.835586	0.0394736180	0.0224827072	1.153115	13733.044464	267.347664
355	K01E00C-S001-R001-C360-R_out.fits	61101.836063	0.0650116382	0.0227404755	1.154346	14014.370143	268.274327
356	K01E00C-S001-R001-C361-R_out.fits	61101.836541	0.0471915056	0.0227708012	1.155593	13654.029710	266.853554
357	K01E00C-S001-R001-C362-R_out.fits	61101.837023	-0.0055221221	0.0221718689	1.156866	13195.176502	266.815940
358	K01E00C-S001-R001-C363-R_out.fits	61101.837502	-0.0033500446	0.0224068929	1.158141	13037.767322	265.516234
359	K01E00C-S001-R001-C364-R_out.fits	61101.838000	0.0162934200	0.0225623121	1.159483	13291.280192	266.466219
360	K01E00C-S001-R001-C365-R_out.fits	61101.838508	0.0745945557	0.0234076407	1.160864	13729.827075	267.590850
361	K01E00C-S001-R001-C366-R_out.fits	61101.838987	-0.0098890212	0.0221718689	1.162180	13071.960208	265.531330
362	K01E00C-S001-R001-C367-R_out.fits	61101.839465	0.0005619692	0.0224827072	1.163506	13079.623670	266.169317
363	K01E00C-S001-R001-C368-R_out.fits	61101.839943	0.0068848752	0.0223348694	1.164844	13300.625775	267.042369
364	K01E00C-S001-R001-C369-R_out.fits	61101.840441	0.0174874939	0.0224068929	1.166253	13361.410770	265.696342
365	K01E00C-S001-R001-C370-R_out.fits	61101.840919	0.0279574378	0.0226949870	1.167618	13456.238779	268.037659
366	K01E00C-S001-R001-C371-R_out.fits	61101.841396	0.0089546034	0.0221377525	1.168995	13414.091185	266.053765
367	K01E00C-S001-R001-C372-R_out.fits	61101.841877	-0.0081832012	0.0218648213	1.170396	13316.631892	266.232206
368	K01E00C-S001-R001-C373-R_out.fits	61101.842354	0.0123169641	0.0221908224	1.171800	13428.563136	265.955292
369	K01E00C-S001-R001-C374-R_out.fits	61101.842832	0.0214601591	0.0221529153	1.173218	13599.223294	265.934949
370	K01E00C-S001-R001-C375-R_out.fits	61101.843341	0.0224229997	0.0222249388	1.174744	13592.943132	266.490991
371	K01E00C-S001-R001-C376-R_out.fits	61101.843819	0.0284350674	0.0223424509	1.176193	13621.771314	266.636614
372	K01E00C-S001-R001-C377-R_out.fits	61101.844300	-0.0202149180	0.0220126590	1.177662	13023.994208	265.723450
373	K01E00C-S001-R001-C378-R_out.fits	61101.844781	0.0268429688	0.0221301710	1.179144	13733.116579	266.655167
374	K01E00C-S001-R001-C379-R_out.fits	61101.845259	0.0248604269	0.0226874056	1.180635	13354.612704	266.612752
375	K01E00C-S001-R001-C380-R_out.fits	61101.845739	-0.0413708763	0.0216601229	1.182142	12848.032335	264.596257
376	K01E00C-S001-R001-C381-R_out.fits	61101.846219	-0.0013561306	0.0223614044	1.183666	13124.755285	266.292203
377	K01E00C-S001-R001-C382-R_out.fits	61101.846697	0.0351180910	0.0224334279	1.185195	13656.778185	266.473631
378	K01E00C-S001-R001-C383-R_out.fits	61101.847176	-0.0042219082	0.0222552645	1.186742	13089.576910	264.917131
379	K01E00C-S001-R001-C384-R_out.fits	61101.847654	-0.0062916364	0.0222021945	1.188301	13104.951530	265.389932
380	K01E00C-S001-R001-C385-R_out.fits	61101.848147	0.0013883442	0.0222552645	1.189922	13224.873358	266.109615
381	K01E00C-S001-R001-C386-R_out.fits	61101.848646	-0.0293012524	0.0217927978	1.191581	13038.054088	266.335423
382	K01E00C-S001-R001-C387-R_out.fits	61101.849125	0.0151865323	0.0222476831	1.193189	13392.808749	264.848868
383	K01E00C-S001-R001-C388-R_out.fits	61101.849634	-0.0182399576	0.0221642874	1.194912	12918.980236	264.827640
384	K01E00C-S001-R001-C389-R_out.fits	61101.850146	-0.0188009828	0.0220543568	1.196660	12973.108046	264.856817
385	K01E00C-S001-R001-C390-R_out.fits	61101.850648	-0.0276409210	0.0218003792	1.198392	12973.466958	264.576106
386	K01E00C-S001-R001-C391-R_out.fits	61101.851133	-0.0126903566	0.0220088683	1.200079	13087.113976	264.544398
387	K01E00C-S001-R001-C392-R_out.fits	61101.851617	-0.0554495771	0.0215122851	1.201782	12660.489669	263.307183
388	K01E00C-S001-R001-C393-R_out.fits	61101.852095	-0.0302944187	0.0220657290	1.203475	12743.929533	263.732533
389	K01E00C-S001-R001-C394-R_out.fits	61101.852574	-0.0630726970	0.0217890070	1.205188	12359.049713	262.667919
390	K01E00C-S001-R001-C395-R_out.fits	61101.853082	-0.0332094755	0.0215691458	1.207023	12997.853813	263.796536
391	K01E00C-S001-R001-C396-R_out.fits	61101.853560	-0.0482965054	0.0213265403	1.208763	12907.726979	263.855590
392	K01E00C-S001-R001-C397-R_out.fits	61101.854048	-0.0364732777	0.0216032622	1.210555	12894.478888	263.229953
393	K01E00C-S001-R001-C398-R_out.fits	61101.854528	-0.0538119900	0.0212166097	1.212334	12851.373409	262.975558
394	K01E00C-S001-R001-C399-R_out.fits	61101.855006	-0.0439409784	0.0216070529	1.214122	12809.686317	263.968032
395	K01E00C-S001-R001-C400-R_out.fits	61101.855483	-0.0457643104	0.0220391940	1.215924	12466.258570	262.470076
396	K01E00C-S001-R001-C401-R_out.fits	61101.855961	-0.0292443917	0.0215084944	1.217741	13110.104347	264.254905
397	K01E00C-S001-R001-C402-R_out.fits	61101.856440	-0.0848465412	0.0213606567	1.219579	12247.556957	262.415967
398	K01E00C-S001-R001-C403-R_out.fits	61101.856922	-0.0541190376	0.0212886332	1.221447	12788.117042	262.707458
399	K01E00C-S001-R001-C404-R_out.fits	61101.857400	-0.0503776058	0.0217056114	1.223315	12640.417711	263.806375
400	K01E00C-S001-R001-C405-R_out.fits	61101.857909	-0.0394755208	0.0217814256	1.225322	12697.345008	262.219399
401	K01E00C-S001-R001-C406-R_out.fits	61101.858387	-0.0199647311	0.0217927978	1.227220	13031.912130	263.119644
402	K01E00C-S001-R001-C407-R_out.fits	61101.858864	-0.0719505423	0.0211673304	1.229132	12548.643026	262.010541
403	K01E00C-S001-R001-C408-R_out.fits	61101.859343	-0.0705100721	0.0214933316	1.231072	12422.819730	263.190293
404	K01E00C-S001-R001-C409-R_out.fits	61101.859842	-0.0475345725	0.0218913562	1.233106	12569.565682	263.632360
405	K01E00C-S001-R001-C410-R_out.fits	61101.860321	-0.0660635680	0.0213834010	1.235080	12569.616817	263.385739
406	K01E00C-S001-R001-C411-R_out.fits	61101.860799	-0.0095668107	0.0224296372	1.237062	12839.361256	263.587474
407	K01E00C-S001-R001-C412-R_out.fits	61101.861297	-0.0828109294	0.0215236573	1.239149	12207.651085	262.823787
408	K01E00C-S001-R001-C413-R_out.fits	61101.861775	-0.0623600434	0.0220922639	1.241169	12197.980140	262.686114
409	K01E00C-S001-R001-C414-R_out.fits	61101.862255	-0.0635237916	0.0217700535	1.243212	12443.866765	264.850021
410	K01E00C-S001-R001-C415-R_out.fits	61101.862764	-0.0360411366	0.0218875655	1.245400	12711.074612	262.661152
411	K01E00C-S001-R001-C416-R_out.fits	61101.863244	-0.0729399179	0.0217927978	1.247479	12186.209583	262.411281
412	K01E00C-S001-R001-C417-R_out.fits	61101.863723	-0.0481486677	0.0220354033	1.249576	12487.288490	263.710645
413	K01E00C-S001-R001-C418-R_out.fits	61101.864208	-0.0466930346	0.0223348694	1.251711	12318.993728	263.112537
414	K01E00C-S001-R001-C419-R_out.fits	61101.864685	-0.0296803235	0.0221415432	1.253834	12766.686763	264.881280
415	K01E00C-S001-R001-C420-R_out.fits	61101.865164	-0.0330426842	0.0219823333	1.255981	12806.161774	264.934218
416	K01E00C-S001-R001-C421-R_out.fits	61101.865641	-0.0627201609	0.0218382863	1.258140	12412.246742	264.480803
417	K01E00C-S001-R001-C422-R_out.fits	61101.866119	-0.0300328596	0.0223500323	1.260317	12661.194896	265.304286
418	K01E00C-S001-R001-C423-R_out.fits	61101.866595	-0.0276143860	0.0220050776	1.262509	12934.510632	266.139441
419	K01E00C-S001-R001-C424-R_out.fits	61101.867073	-0.0360070202	0.0220619382	1.264723	12815.532163	267.187652
420	K01E00C-S001-R001-C425-R_out.fits	61101.867557	-0.0381070741	0.0222476831	1.266986	12696.230730	267.552720
421	K01E00C-S001-R001-C426-R_out.fits	61101.868034	-0.0585048902	0.0219974962	1.269236	12499.880950	266.884303
422	K01E00C-S001-R001-C427-R_out.fits	61101.868512	-0.0100027425	0.0222893809	1.271507	13165.874934	268.683534
423	K01E00C-S001-R001-C428-R_out.fits	61101.869022	-0.0201921738	0.0226040099	1.273952	12852.371704	269.302218
424	K01E00C-S001-R001-C429-R_out.fits	61101.869499	-0.0395854514	0.0223386601	1.276261	12714.053450	269.359404
425	K01E00C-S001-R001-C430-R_out.fits	61101.869976	-0.0064470555	0.0227404755	1.278589	13053.523994	270.590602
426	K01E00C-S001-R001-C431-R_out.fits	61101.870454	-0.0134636617	0.0226570799	1.280937	13026.658125	271.434120
427	K01E00C-S001-R001-C432-R_out.fits	61101.870931	-0.0185432145	0.0225661028	1.283301	13002.079706	271.281056
428	K01E00C-S001-R001-C433-R_out.fits	61101.871409	-0.0133954289	0.0225888471	1.285691	13129.064587	272.687669
429	K01E00C-S001-R001-C434-R_out.fits	61101.871886	0.0054330328	0.0229451739	1.288098	13332.996375	275.320999
430	K01E00C-S001-R001-C435-R_out.fits	61101.872365	-0.0313292828	0.0230058253	1.290532	12726.414314	275.037857
431	K01E00C-S001-R001-C436-R_out.fits	61101.872842	0.0022791613	0.0232105237	1.292975	13209.416307	276.770007
432	K01E00C-S001-R001-C437-R_out.fits	61101.873321	-0.0254574714	0.0231005931	1.295450	12906.241220	277.941008
433	K01E00C-S001-R001-C438-R_out.fits	61101.873800	-0.0141270361	0.0230854302	1.297949	13202.286574	280.470178
434	K01E00C-S001-R001-C439-R_out.fits	61101.874278	0.0014565770	0.0236275019	1.300460	13256.487783	283.066115
435	K01E00C-S001-R001-C440-R_out.fits	61101.874756	0.0076847152	0.0239497123	1.302990	13229.912770	284.053935
436	K01E00C-S001-R001-C441-R_out.fits	61101.875261	-0.0007079190	0.0238208282	1.305691	13288.695216	286.604342
437	K01E00C-S001-R001-C442-R_out.fits	61101.875738	0.0115284962	0.0245107376	1.308259	13220.836719	289.417731
438	K01E00C-S001-R001-C443-R_out.fits	61101.876216	0.0058879182	0.0241582014	1.310853	13430.662692	291.642916
439	K01E00C-S001-R001-C444-R_out.fits	61101.876702	0.0336435044	0.0251968563	1.313519	13351.517808	292.675780
440	K01E00C-S001-R001-C445-R_out.fits	61101.877181	-0.0387780300	0.0243212020	1.316159	12804.428213	295.172598
441	K01E00C-S001-R001-C446-R_out.fits	61101.877660	-0.0184143303	0.0245979239	1.318827	13070.378142	297.370774
442	K01E00C-S001-R001-C447-R_out.fits	61101.878138	0.0131433391	0.0253750197	1.321511	13208.598793	298.646209
443	K01E00C-S001-R001-C448-R_out.fits	61101.878616	-0.0069891272	0.0248973901	1.324218	13106.030346	297.293377
444	K01E00C-S001-R001-C449-R_out.fits	61101.879093	-0.0403511751	0.0246775289	1.326943	12797.530819	299.609619
445	K01E00C-S001-R001-C450-R_out.fits	61101.879571	0.0479686014	0.0250717628	1.329690	14037.485894	301.137952
446	K01E00C-S001-R001-C451-R_out.fits	61101.880048	-0.0069815458	0.0249656229	1.332460	13310.053859	303.506336
447	K01E00C-S001-R001-C452-R_out.fits	61101.880531	-0.0174287454	0.0249428786	1.335287	13048.822424	300.469380
448	K01E00C-S001-R001-C453-R_out.fits	61101.881010	0.0484348589	0.0255607645	1.338113	13688.549425	299.075777
449	K01E00C-S001-R001-C454-R_out.fits	61101.881493	-0.0026866702	0.0248556923	1.340987	13227.506077	298.241070
450	K01E00C-S001-R001-C455-R_out.fits	61101.881973	0.0062783614	0.0247609245	1.343862	13390.596467	297.706669
451	K01E00C-S001-R001-C456-R_out.fits	61101.882453	0.0279650193	0.0245486447	1.346763	13786.629841	296.110466
452	K01E00C-S001-R001-C457-R_out.fits	61101.882963	0.0181584498	0.0244500862	1.349878	13646.846740	295.283954
453	K01E00C-S001-R001-C458-R_out.fits	61101.883441	-0.0004653135	0.0242832949	1.352814	13323.426287	292.569046
454	K01E00C-S001-R001-C459-R_out.fits	61101.883917	0.0276124831	0.0246699474	1.355770	13479.762430	290.917234
455	K01E00C-S001-R001-C460-R_out.fits	61101.884395	0.0332151540	0.0238056653	1.358756	14051.096900	290.828163
456	K01E00C-S001-R001-C461-R_out.fits	61101.884872	-0.0009732688	0.0241885271	1.361766	13159.858564	287.931681
457	K01E00C-S001-R001-C462-R_out.fits	61101.885350	-0.0125993796	0.0238246189	1.364800	13107.094751	286.265625
458	K01E00C-S001-R001-C463-R_out.fits	61101.885848	0.0115436590	0.0235630598	1.367995	13609.321439	285.797077
459	K01E00C-S001-R001-C464-R_out.fits	61101.886329	0.0304782607	0.0240482708	1.371105	13675.481332	287.566699
460	K01E00C-S001-R001-C465-R_out.fits	61101.886808	0.0062101286	0.0231385002	1.374226	13664.617712	283.779160
461	K01E00C-S001-R001-C466-R_out.fits	61101.887287	0.0005278528	0.0232181051	1.377374	13443.609233	282.040443
462	K01E00C-S001-R001-C467-R_out.fits	61101.887797	0.0061343144	0.0232370587	1.380754	13371.600679	278.566770
463	K01E00C-S001-R001-C468-R_out.fits	61101.888275	-0.0145553865	0.0230892209	1.383951	13039.214983	276.614038
464	K01E00C-S001-R001-C469-R_out.fits	61101.888755	0.0245003094	0.0228352433	1.387183	13731.872707	275.236023
465	K01E00C-S001-R001-C470-R_out.fits	61101.889234	0.0129196871	0.0224448001	1.390439	13671.556729	272.949144
466	K01E00C-S001-R001-C471-R_out.fits	61101.889711	-0.0095251129	0.0222628459	1.393711	13299.631188	270.535592
467	K01E00C-S001-R001-C472-R_out.fits	61101.890188	0.0230181414	0.0225509400	1.397010	13561.988646	268.740988
468	K01E00C-S001-R001-C473-R_out.fits	61101.890665	-0.0049838411	0.0217435185	1.400331	13546.091899	267.730362
469	K01E00C-S001-R001-C474-R_out.fits	61101.891142	-0.0270912679	0.0216108436	1.403686	13090.753222	263.853583
470	K01E00C-S001-R001-C475-R_out.fits	61101.891620	-0.0223111812	0.0214592152	1.407068	13175.867413	262.190034
471	K01E00C-S001-R001-C476-R_out.fits	61101.892097	0.0102093288	0.0216866578	1.410473	13432.420106	259.905713
472	K01E00C-S001-R001-C477-R_out.fits	61101.892581	-0.0260298688	0.0211028883	1.413959	13126.634910	258.153999
473	K01E00C-S001-R001-C478-R_out.fits	61101.893058	0.0019834858	0.0212393539	1.417427	13333.162276	255.038835
474	K01E00C-S001-R001-C479-R_out.fits	61101.893538	0.0343372045	0.0215047037	1.420940	13590.163071	253.617578
475	K01E00C-S001-R001-C480-R_out.fits	61101.894045	0.0235905387	0.0210157020	1.424691	13626.762367	251.562486
476	K01E00C-S001-R001-C481-R_out.fits	61101.894523	0.0044967272	0.0205380724	1.428250	13478.508107	248.451523
477	K01E00C-S001-R001-C482-R_out.fits	61101.895002	-0.0124325883	0.0204205604	1.431853	13169.732503	246.305416
478	K01E00C-S001-R001-C483-R_out.fits	61101.895482	0.0155314871	0.0207617244	1.435487	13289.301471	244.583666
479	K01E00C-S001-R001-C484-R_out.fits	61101.895965	-0.0558286482	0.0197723488	1.439180	12644.536328	241.367488
480	K01E00C-S001-R001-C485-R_out.fits	61101.896443	-0.0563100685	0.0193856962	1.442864	12827.232673	240.292367
481	K01E00C-S001-R001-C486-R_out.fits	61101.896921	-0.0278380379	0.0195941854	1.446574	12986.763505	237.338413
482	K01E00C-S001-R001-C487-R_out.fits	61101.897400	-0.0412230386	0.0194842547	1.450333	12737.489479	235.251556
483	K01E00C-S001-R001-C488-R_out.fits	61101.897878	-0.0242937231	0.0196358832	1.454106	12856.566735	234.701352
484	K01E00C-S001-R001-C489-R_out.fits	61101.898363	0.0058121040	0.0194236034	1.457976	13427.388773	233.788819
485	K01E00C-S001-R001-C490-R_out.fits	61101.898844	0.0138635742	0.0195107897	1.461842	13494.280603	234.009180
486	K01E00C-S001-R001-C491-R_out.fits	61101.899321	0.0110736109	0.0192795563	1.465707	13629.397077	234.261272
487	K01E00C-S001-R001-C492-R_out.fits	61101.899798	-0.0158783446	0.0194539290	1.469611	13173.569197	235.783255
488	K01E00C-S001-R001-C493-R_out.fits	61101.900311	0.0001412002	0.0200756057	1.473835	13152.502152	238.483239
489	K01E00C-S001-R001-C494-R_out.fits	61101.900792	-0.0276598745	0.0200680242	1.477843	12869.990532	240.864477
490	K01E00C-S001-R001-C495-R_out.fits	61101.901271	0.0124231040	0.0207806779	1.481861	13424.772172	248.467269
491	K01E00C-S001-R001-C496-R_out.fits	61101.901751	-0.0115303990	0.0209057714	1.485922	13235.244212	253.469412
492	K01E00C-S001-R001-C497-R_out.fits	61101.902230	-0.0357151355	0.0213909824	1.490014	12789.181512	257.919079
493	K01E00C-S001-R001-C498-R_out.fits	61101.902710	-0.0055372849	0.0221756596	1.494144	13105.005463	264.390369
