#	Label	J.D.-2400000	rel_flux_T1	rel_flux_err_T1	AIRMASS	Source-Sky_T1	Source_Error_T1
1	K01E00C-S001-R001-C001-R_dupe-1_out.fits	61116.617373	0.407281	0.009424	1.416446	23090.219325	438.212245
2	K01E00C-S001-R001-C001-R_dupe-2_out.fits	61116.627851	0.393468	0.011274	1.488658	18999.640137	450.697192
3	K01E00C-S001-R001-C002-R_dupe-1_out.fits	61116.618947	0.389428	0.009964	1.426458	20649.364891	439.347502
4	K01E00C-S001-R001-C002-R_dupe-2_out.fits	61116.629541	0.386270	0.009089	1.501615	22810.211631	446.848645
5	K01E00C-S001-R001-C003-R_dupe-2_out.fits	61116.631198	0.387318	0.008885	1.514704	23508.474445	449.014346
6	K01E00C-S001-R001-C003-R_out.fits	61116.610287	0.400972	0.012454	1.374661	17373.924904	444.208569
7	K01E00C-S001-R001-C004-R_out.fits	61116.632772	0.392950	0.010961	1.527499	19649.249507	454.215928
8	K01E00C-S001-R001-C005-R_out.fits	61116.634585	0.385907	0.011501	1.542698	18294.420211	454.580149
9	K01E00C-S001-R001-C006-R_out.fits	61116.636166	0.381102	0.009825	1.556364	20904.384453	450.976937
10	K01E00C-S001-R001-C007-R_out.fits	61116.637702	0.377609	0.009089	1.570024	22217.566747	448.403758
11	K01E00C-S001-R001-C008-R_out.fits	61116.639505	0.386572	0.009758	1.586543	21487.095019	451.488207
12	K01E00C-S001-R001-C009-R_out.fits	61116.641090	0.376573	0.010287	1.601531	19738.154798	452.040775
13	K01E00C-S001-R001-C010-R_out.fits	61116.642894	0.374755	0.011211	1.619132	18223.462575	457.851771
14	K01E00C-S001-R001-C011-R_out.fits	61116.644426	0.387913	0.011415	1.634543	18854.646515	461.462773
15	K01E00C-S001-R001-C012-R_out.fits	61116.646010	0.369461	0.010867	1.650948	18564.620019	460.746279
16	K01E00C-S001-R001-C013-R_out.fits	61116.647827	0.391431	0.010722	1.670381	20326.701255	462.154143
17	K01E00C-S001-R001-C014-R_out.fits	61116.649417	0.375786	0.010873	1.687948	19109.033468	463.865349
18	K01E00C-S001-R001-C015-R_out.fits	61116.651093	0.368252	0.009515	1.707038	20978.479188	457.416273
19	K01E00C-S001-R001-C016-R_out.fits	61116.652715	0.377223	0.009108	1.726120	22661.108164	458.762395
20	K01E00C-S001-R001-C017-R_out.fits	61116.654297	0.402640	0.013257	1.745320	17419.179466	471.213425
21	K01E00C-S001-R001-C018-R_out.fits	61116.656039	0.396861	0.016768	1.767151	13717.166911	478.353248
22	K01E00C-S001-R001-C019-R_out.fits	61116.657575	0.383907	0.011120	1.787040	19565.125149	472.237640
23	K01E00C-S001-R001-C020-R_out.fits	61116.659167	0.367078	0.010286	1.808299	20068.680025	475.086034
24	K01E00C-S001-R001-C021-R_out.fits	61116.661010	0.375950	0.010004	1.833781	21211.933710	473.591406
25	K01E00C-S001-R001-C022-R_out.fits	61116.662595	0.379394	0.009793	1.856463	22127.791960	477.945349
26	K01E00C-S001-R001-C023-R_out.fits	61116.664289	0.370370	0.010104	1.881543	20901.361883	480.766906
27	K01E00C-S001-R001-C024-R_out.fits	61116.665879	0.354625	0.010926	1.905907	18370.845112	482.729489
28	K01E00C-S001-R001-C025-R_out.fits	61116.667413	0.378847	0.010964	1.930177	20006.023324	484.556717
29	K01E00C-S001-R001-C026-R_out.fits	61116.669102	0.387127	0.010961	1.957854	20584.951402	484.988654
30	K01E00C-S001-R001-C027-R_out.fits	61116.670785	0.373811	0.010501	1.986434	20725.994998	489.853220
31	K01E00C-S001-R001-C028-R_out.fits	61116.672368	0.394552	0.010844	2.014283	21402.437409	486.759721
32	K01E00C-S001-R001-C029-R_out.fits	61116.674207	0.396452	0.012162	2.047901	19457.074110	493.082857
33	K01E00C-S001-R001-C030-R_out.fits	61116.675847	0.397868	0.012674	2.079058	18969.785905	499.074937
34	K01E00C-S001-R001-C031-R_out.fits	61116.677688	0.380382	0.015603	2.115429	14556.230869	499.082537
35	K01E00C-S001-R001-C032-R_out.fits	61116.679262	0.395192	0.018606	2.147784	12998.947612	506.441534
36	K01E00C-S001-R001-C033-R_out.fits	61116.680951	0.384922	0.033726	2.183835	6974.674233	508.778489
37	K01E00C-S001-R001-C037-R_out.fits	61116.687447	0.356085	0.030854	2.336971	7016.648649	517.863765
38	K01E00C-S001-R001-C038-R_out.fits	61116.689030	0.355496	0.045238	2.378200	4812.349215	522.047698
39	K01E00C-S001-R001-C039-R_out.fits	61116.690826	0.375634	0.016922	2.427000	13780.409695	520.550650
40	K01E00C-S001-R001-C040-R_out.fits	61116.692411	0.375516	0.014560	2.472038	16051.524378	522.167050
41	K01E00C-S001-R001-C041-R_out.fits	61116.693940	0.358670	0.014492	2.517300	15396.234103	529.967805
42	K01E00C-S001-R001-C042-R_out.fits	61116.695773	0.381506	0.012567	2.574054	19124.628655	526.186058
43	K01E00C-S001-R001-C043-R_out.fits	61116.697355	0.369552	0.012375	2.625427	18599.882473	525.243292
44	K01E00C-S001-R001-C044-R_out.fits	61116.699190	0.395351	0.013949	2.687939	17885.817256	521.228325
45	K01E00C-S001-R001-C045-R_out.fits	61116.700769	0.352251	0.015667	2.744401	13740.508013	522.746351
46	K01E00C-S001-R001-C046-R_out.fits	61116.702461	0.329358	0.041765	2.807892	4705.503849	518.257284
47	K01E00C-S001-R001-C047-R_out.fits	61116.704068	0.342974	0.014004	2.871202	14896.597206	523.012805
48	K01E00C-S001-R001-C048-R_out.fits	61116.705649	0.344145	0.013925	2.936604	15026.544255	522.178207
49	K01E00C-S001-R001-C049-R_out.fits	61116.707343	0.365294	0.013290	3.010363	17035.995910	524.072091
50	K01E00C-S001-R001-C050-R_out.fits	61116.708933	0.310207	0.009916	3.083266	18844.406970	530.539893
